369 195
389 212
605 257
601 257
506 302
550 311
630 313
646 314
651 315
649 316
639 317
694 318
645 320
643 323
648 322
388.800018 212.400009
397.200012 212.400009
601.200012 256.800018
574.559998 266.400024
591.600037 291.600006
572.400024 296.400024
618 300
630 312
649.200012 315.600006
645.600037 319.200012
630 319.200012
638.400024 319.200012
651.600037 319.200012
626 323
643.200012 322.800018
408.960022 205.920013
396.000031 211.680008
592.704041 252.288025
601.920044 257.76001
652.320007 318.240021
637.920044 318.240021
649.440002 315.360016
630.720032 312.480011
505.440033 300.960022
599.040039 295.200012
500 319
408.960022 200.160004
584.064026 233.280029
590.976074 250.90564
617 331
574.387268 263.347229
573.696045 293.76004
528.768066 304.128021
504.57605 311.040039
637.63208 319.680023
649.728088 314.496033
630.720032 312.768036
514.252869 184.55043
367.027252 199.065628
597.196899 290.304047
589.731995 251.320374
512.594055 184.135727
365.783112 199.065643
582.267029 231.413818
572.313721 236.390457
572.313721 251.320374
615.859314 300.672028
624.568481 318.505035
265.752655 209.018936
331.444305 179.159088
513.589355 185.131058
333.235901 179.159088
573.309082 247.239548
584.058655 261.572266
609.14093 290.237732
627.056824 297.404083
