654 330
425 204
446 213
451 214
454 214
678 324
663 323
675 321
621 255
627 257
665 320
630 260
760 319
674 318
686 316
681 316
665 314
587 312
542 312
566 307
543 303
604 296
611 294
687 435
426.000031 199.200012
426.000031 204.000015
446.400024 213.600006
453.600006 213.600006
570 222.000015
620.400024 254.400009
542.400024 303.600006
678 324
566.400024 307.200012
674.400024 321.600006
664.800049 313.200012
664.800049 319.200012
684 316.800018
424.800018 198.720001
424.800018 201.600006
688.320007 321.120026
673.920044 319.680023
665.280029 319.680023
684 316.800018
665.280029 313.920013
255.744019 473.472046
532.22406 184.896011
464.832031 202.176025
459.648041 205.632019
609.98407 235.008026
603.072083 292.032013
651.456055 302.400024
565.05603 305.856018
540.864075 311.040039
665.28009 314.496033
672.192078 319.680023
687.74408 319.680023
675.648071 323.136017
564.019287 95.3856125
530.841675 184.55043
423.014465 201.139221
628.300903 259.200043
632.448059 284.083252
630.374512 290.304047
564.019287 304.819244
665.625671 315.187256
684.288086 315.187256
659.404907 321.408051
530.012268 184.135727
423.014496 199.065643
528.519287 185.131058
606.154907 250.822723
386.983643 132.577728
612.724121 261.572266
390.566833 179.159088
