565 92
666 335
532 185
427 199
426 204
446 214
673 325
685 323
679 323
692 322
675 321
681 320
630 260
684 317
681 316
665 313
586 312
543 303
724 327
628 338
426.000031 200.400009
446.400024 213.600006
454.800018 213.600006
604.800049 264
645.600037 296.400024
650.400024 296.400024
543.600037 302.400024
566.400024 306
542.400024 312
681.600037 315.600006
688.800049 315.600006
666 319.200012
680.400024 319.200012
674.400024 320.400024
691.200012 321.600006
678 322.800018
531.360046 184.320007
678.240051 322.559998
688.320007 319.680023
629.280029 257.76001
541.440002 311.040009
542.880005 302.400024
652.320007 300.960022
565.920044 305.279999
665.280029 313.920013
685.440002 315.360016
691.200012 319.680023
425.088043 200.448013
362.880035 203.904022
603.072083 292.032013
651.456055 302.400024
565.05603 305.856018
542.592041 311.040039
665.28009 314.496033
684.288086 314.496033
672.192078 319.680023
530.841675 184.55043
609.638489 261.273651
632.448059 282.009644
665.625671 315.187256
530.012268 184.135727
609.63855 233.90213
614.615173 241.367096
604.661926 243.855423
604.661926 251.320374
629.545105 288.645203
649.45166 301.086792
691.753113 306.063446
659.404968 318.505035
388.17804 131.383331
388.17804 179.159088
528.519287 185.131058
421.023865 200.060974
618.098877 250.822723
390.566833 179.159088
605.557739 247.239548
612.724121 261.572266
