547 93
238.46402 298.944031
516 184
370 198
369 203
389 212
638.400024 322.800018
649 323
643 323
656 321
640 320
646 320
604 259
649 316
646 314
630 312
550 311
506 302
1124.9281 247.104019
1040 408
369.600006 199.200012
388.800018 212.400009
397.200012 212.400009
574.559998 266.400024
612 297
617 297
506.400024 301.200012
529.200012 304.800018
505.200012 310.800018
645.600037 314.400024
654 315.600006
630 319.200012
645.600037 319.200012
639.600037 319.200012
656.400024 320.400024
643.200012 322.800018
516 183.600006
642.240051 322.559998
653.76001 319.680023
601.920044 257.76001
505.440033 311.040009
505.440033 300.960022
617.76001 300.960022
529.920044 305.279999
630.720032 312.480011
649.440002 315.360016
656.640015 318.240021
368.064026 200.448013
155.27121 155.27121
573.696045 293.76004
616.896057 300.672028
528.768066 304.128021
504.57605 311.040039
630.720032 312.768036
649.728088 314.496033
637.63208 319.680023
514.252869 184.55043
578.534485 263.347229
603.417664 279.936035
630.374512 313.113647
512.594055 184.135727
582.267029 231.413818
588.239014 241.864777
572.313721 243.855423
572.313721 251.320374
597.19696 288.645203
615.859314 300.672028
1080 229
624.568481 318.505035
265.752655 209.018936
334.430298 179.159088
513.589355 185.131058
364.290161 200.060974
588.239014 250.822723
333.235901 179.159088
573.309082 247.239548
584.058655 261.572266
