547 94
389 212
394 213
398 213
593 255
604 260
574.559998 266.400024
578.880005 263.52002
1018 275
571.200012 294
506 303
529 306
505 311
551 311
630 313
646 315
649 317
651 315
501 317
639 317
630 320
639 321
637 321
657 322
626 323
643 323
611 298
987.033752 423.014465
369.600006 202.800003
642 322.800018
388.800018 212.400009
397.200012 212.400009
656.400024 321.600006
639.600037 320.400024
649.200012 315.600006
630 313.200012
578.880066 266.11203
629 336
505.200012 310.800018
529.200012 306
505.200012 302.400024
590.976074 254.016022
601.920044 257.76001
572.31366 286.15683
578.880066 292.032013
600.480042 296.640015
617.76001 300.960022
630.720032 313.920013
649.440002 315.360016
625.536072 321.40802
652.320007 319.680023
630.720032 319.680023
637.920044 319.680023
656.640015 319.680023
329.702454 132.710419
409.536041 200.448013
616.896057 302.400024
528.768066 305.856018
630.720032 314.496033
637.63208 319.680023
654.912048 319.680023
641.088074 323.136017
232.906815 268.738647
514.252869 184.55043
589.731995 251.320374
599.270508 257.126434
576.460876 279.936035
597.196899 290.304047
630.374512 313.113647
653.184082 317.260834
334.430298 179.159088
515.082336 184.135727
582.267029 231.413818
572.313721 243.855423
747.360046 349.920013
513.589355 185.131058
364.290161 200.060974
587.641846 250.822723
597.19696 256.794678
600.182922 286.654541
265.155457 207.824554
573.309082 247.239548
627.056824 297.404083
1090.36816 176.256012
