426 196
446 213
631 256
628 257
543 302
586 312
665 313
681 316
686 316
684 317
674 318
760 318
680 320
678 323
684 323
446.400024 213.600006
453.600006 213.600006
627.600037 256.800018
604.800049 264
625.200012 292.800018
603.600037 295.200012
652.800049 301.200012
664.800049 313.200012
684 316.800018
680.400024 318
664.800049 319.200012
674.400024 320.400024
687.600037 320.400024
662.400024 322.800018
678 322.800018
465.120026 205.920013
452.160004 213.12001
619.200012 253.440002
629.280029 257.76001
688.320007 319.680023
673.920044 319.680023
684 315.360016
665.280029 313.920013
542.880005 302.400024
633.600037 296.640015
1065.6001 283.680023
464.832031 200.448013
609.98407 235.008026
618.624084 254.016022
1078.27209 355.968048
604.800049 264.384033
603.072083 292.032013
565.05603 305.856018
540.864075 311.040039
672.192078 319.680023
680.832092 316.22403
665.28009 314.496033
530.841675 184.55043
423.014465 199.065628
626.227295 288.230438
617.932861 252.979233
530.012268 184.135727
423.014496 199.065643
609.63855 233.90213
602.173584 236.390457
604.661926 251.320374
649.45166 301.086792
659.404968 318.505035
388.17804 131.383331
388.17804 179.159088
528.519287 185.131058
390.566833 179.159088
605.557739 247.239548
612.724121 261.572266
641.389526 293.820923
662.888672 297.404083
