369 202
389 212
593 255
572.400024 292.800018
618 300
618 302
530 305
505 310
630 312
646 314
651 314
1009.20001 321.600006
639 317
630 318
640 320
645 320
636 320
656 321
623 321
636 323
643 322
368.400024 201.600006
390.000031 211.200012
396.000031 212.400009
605 257
574.559998 285.120026
612 296
529.200012 304.800018
992.839905 398.131287
218.574097 286.654541
630 312
459.841675 161.243179
645.600037 314.400024
501.600006 315.600006
630 318
645.600037 319.200012
652.800049 319.200012
655.200012 320.400024
636 322.800018
642 322.800018
547.200012 92.4000015
396.000031 211.680008
592.704041 252.288025
601.920044 257.76001
578.534485 290.304047
617.76001 299.52002
508.811829 297.404083
630.720032 312.480011
649.440002 313.920013
630.720032 318.240021
637.920044 318.240021
652.320007 318.240021
642.240051 322.559998
514.944031 183.168015
368.064026 198.720016
408.960022 200.160004
409.536041 202.176025
585.792053 233.280029
601.344055 257.472015
573.696045 293.76004
637.63208 317.952026
616.896057 300.672028
649.728088 314.496033
630.720032 312.768036
330.946625 131.880997
367.027252 199.065628
589.731995 248.832062
630.374512 313.113647
577.290405 263.761993
512.594055 184.135727
572.313721 251.320374
597.19696 288.645203
588.239014 241.864777
426.995819 134.369324
331.444305 179.159088
513.589355 182.145081
333.235901 179.159088
361.901367 197.074997
580.475464 229.323639
573.309082 247.239548
