565 92
446 213
1248 221
620 255
1234 275
653 300
542 311
685 323
688 312
543 313
665 313
681 315
686 315
665 320
675 320
681 320
691 321
678 322.800018
662.400024 322.800018
690 320.400024
687.600037 320.400024
674.400024 320.400024
680.400024 319.200012
664.800049 319.200012
426.000031 198.000015
426.000031 202.800003
446.400024 212.400009
452.400024 213.600006
681.600037 315.600006
608.400024 312
566.400024 306
652.800049 301.200012
645.600037 296.400024
606 290.400024
524.400024 314.400024
409.200012 398.400024
426.240021 198.720001
452.160004 213.12001
629.280029 257.76001
609.119995 293.76001
652.320007 300.960022
542.880005 302.400024
665.280029 313.920013
685.440002 315.360016
688.320007 319.680023
662.400024 322.559998
678.240051 322.559998
532.22406 184.896011
464.832031 203.904022
445.824036 212.544022
609.98407 235.008026
628.992065 257.472015
651.456055 300.672028
547.776062 311.040039
565.05603 312.768036
665.28009 314.496033
684.288086 314.496033
423.014465 199.065628
599.270508 221.875229
665.625671 315.187256
605.491272 265.420837
530.012268 184.135727
423.014496 199.065643
614.615173 241.367096
641.986694 278.691895
629.545105 288.645203
659.404968 318.505035
388.17804 131.383331
391.164001 179.159088
528.519287 185.131058
480.743561 134.369324
630.042786 429.981812
390.566833 179.159088
598.391357 222.157272
605.557739 247.239548
