565 93
1079 349
426 205
446 213
455 214
543 303
542 312
587 312
665 314
686 316
685 325
684 318
668 325
666 320
672 322
675 322
679 324
691 323
426.000031 199.200012
426.000031 204.000015
446.400024 213.600006
453.600006 214.800003
668.400024 325.200012
685.200012 324
690 321.600006
538.800049 318
543.600037 303.600006
652.800049 302.400024
696 327.600006
564.480042 93.6000061
460.800018 205.920013
619.200012 254.880005
629.280029 259.200012
542.880005 302.400024
652.320007 302.400024
665.280029 313.920013
540 316.800018
684 316.800018
665.280029 319.680023
673.920044 319.680023
691.200012 319.680023
688.320007 321.120026
1073.08813 352.512024
425.088043 202.176025
464.832031 202.176025
620.352051 254.016022
651.456055 302.400024
544.320068 305.856018
565.05603 305.856018
542.592041 311.040039
677.376038 323.136017
665.28009 314.496033
530.841675 184.55043
628.300903 259.200043
605.491272 279.936035
630.374512 290.304047
661.478516 321.408051
665.625671 315.187256
388.178009 134.369308
388.178009 181.6474
530.012268 184.135727
604.661926 243.855423
649.45166 303.575104
597.19696 308.551758
659.404968 320.993347
388.17804 134.369324
528.519287 185.131058
421.023865 200.060974
597.19696 223.948853
386.983643 132.577728
601.974548 229.323639
623.473633 257.989105
662.888672 297.404083
