547 93
389 212
1034 221
593 255
1018 274
618 300
505 310
649 323
654 311
506 312
630 312
646 314
651 314
630 319
640 320
646 320
656 321
643.200012 322.800018
627.600037 321.600006
656.400024 320.400024
652.800049 319.200012
639.600037 319.200012
645.600037 319.200012
630 318
370 198
372 201.600006
388.800018 211.200012
397.200012 212.400009
645.600037 314.400024
630 335
529.200012 304.800018
618 300
612 296
574.559998 285.120026
459.841675 161.243179
1132.18591 218.972214
368.640015 197.280014
397.440002 211.680008
601.920044 257.76001
578.534485 290.304047
617.76001 299.52002
505.440033 300.960022
630.720032 312.480011
649.440002 313.920013
652.320007 318.240021
627.264038 321.40802
642.240051 322.559998
516.672058 184.896011
409.536041 202.176025
388.800018 211.680008
585.792053 233.280029
601.344055 257.472015
616.896057 300.672028
509.76004 311.040039
1078 285
630.720032 312.768036
649.728088 314.496033
367.027252 199.065628
570.240051 219.801636
630.374512 313.113647
577.290405 263.761993
512.594055 184.135727
365.783112 199.065643
588.239014 241.864777
607.150208 278.691895
597.19696 288.645203
624.568481 318.505035
268.738647 209.018936
331.444305 179.159088
513.589355 182.145081
426.995819 134.369324
1036 287
333.235901 179.159088
572.313721 228.925491
573.309082 247.239548
