547 94
217.976898 286.654541
368 204
389 212
398 213
506 302
506 312
552 311
630 313
651 315
649 323
650 317
632 325
630 320
637 321
640 321
643 323
657 322
369.600006 198.000015
369.600006 202.800003
388.800018 212.400009
397.200012 213.600006
632.400024 325.200012
651.600037 320.400024
656.400024 321.600006
501.600006 316.800018
506.400024 302.400024
618 301.200012
233.280014 286.559998
547.200012 93.6000061
408.960022 204.480011
590.976074 254.016022
601.920044 257.76001
505.440033 302.400024
617.76001 300.960022
630.720032 313.920013
502.560028 316.800018
649.440002 315.360016
630.720032 319.680023
639.360046 319.680023
656.640015 319.680023
652.320007 319.680023
995.328247 335.923279
368.064026 200.448013
409.536041 200.448013
590.976074 252.979233
616.896057 302.400024
506.304047 305.856018
528.768066 305.856018
504.57605 311.040039
641.088074 323.136017
630.720032 314.496033
514.252869 184.55043
599.270508 257.126434
576.460876 279.936035
597.196899 290.304047
626.227295 321.408051
630.374512 313.113647
330.946625 131.880997
334.430298 179.159088
515.082336 184.135727
572.313721 243.855423
615.859314 300.672028
747.360046 349.920013
624.568481 318.505035
268.738647 209.018936
513.589355 185.131058
364.290161 200.060974
564.351135 223.948853
268.738647 211.40773
580.475464 229.323639
594.808167 257.989105
627.056824 297.404083
