426 203
446 212
620 255
604 295
653 300
653 302
566 306
542 311
665 313
681 315
686 315
559 316
674 318
665 320
675 320
680 320
672 321
691 321
658 322
672 323
679 323
426.000031 202.800003
446.400024 212.400009
453.600006 213.600006
633.600037 258
606 290.400024
645.600037 296.400024
566.400024 306
1177.20007 373.200012
1076.40002 344.400024
666 313.200012
524.400024 314.400024
681.600037 315.600006
538.800049 316.800018
666 319.200012
680.400024 319.200012
687.600037 320.400024
690 320.400024
672 322.800018
678 322.800018
564.480042 93.6000061
452.160004 213.12001
619.200012 253.440002
629.280029 257.76001
609.119995 293.76001
652.320007 300.960022
1071.35999 331.200012
665.280029 313.920013
684 315.360016
665.280029 316.800018
673.920044 318.240021
688.320007 319.680023
678.240051 322.559998
532.22406 184.896011
425.088043 200.448013
464.832031 200.448013
464.832031 203.904022
609.98407 235.008026
628.992065 257.472015
603.072083 292.032013
672.192078 319.680023
651.456055 300.672028
684.288086 314.496033
665.28009 314.496033
387.763245 132.710419
423.014465 199.065628
617.932861 250.90564
665.625671 313.113647
605.491272 265.420837
530.012268 184.135727
604.661926 251.320374
629.545105 288.645203
614.615173 241.367096
480.743561 134.369324
391.164001 179.159088
528.519287 185.131058
390.566833 179.159088
419.232269 197.074997
605.557739 229.323639
605.557739 247.239548
