565 93
446 213
451 214
455 214
621 255
630 261
604 264
607 265
1233 276
604 296
543 303
566 307
542 312
587 312
665 314
681 316
684 317
686 317
539 318
674 318
665 320
675 321
672 322
691 323
662 324
679 324
645 298
1210 336
426.000031 204.000015
678 324
446.400024 213.600006
454.800018 213.600006
690 321.600006
674.400024 321.600006
684 316.800018
664.800049 314.400024
607.200012 265.200012
608.400024 313.200012
542.400024 312
566.400024 307.200012
542.400024 303.600006
619.200012 254.880005
629.280029 259.200012
603.360046 292.320007
610.559998 293.76001
633.600037 296.640015
652.320007 302.400024
665.280029 313.920013
684 316.800018
660.960022 324
688.320007 321.120026
665.280029 319.680023
673.920044 319.680023
691.200012 319.680023
387.072021 134.784012
464.832031 202.176025
651.456055 302.400024
565.05603 305.856018
665.28009 314.496033
672.192078 319.680023
687.74408 319.680023
677.376038 323.136017
584.064026 317.952026
530.841675 184.55043
617.932861 252.979233
628.300903 259.200043
605.491272 279.936035
630.374512 290.304047
665.625671 315.187256
688.435303 317.260834
388.178009 181.6474
530.012268 184.135727
609.63855 233.90213
604.661926 243.855423
597.19696 308.551758
528.519287 185.131058
421.023865 200.060974
618.098877 250.822723
627.056824 259.78067
630.042786 286.654541
386.983643 132.577728
605.557739 250.822723
662.888672 297.404083
644.972717 401.316376
