250.90564 311.040039
369 203
389 212
394 213
397 213
643 323
628 322
639 321
593 255
601 257
630 320
604 260
694 318
639 317
651 315
646 315
630 313
551 311
505 311
529 306
506 302
571.200012 294
580 292
991.200012 398.400024
368.400024 198.000015
368.400024 202.800003
388.800018 212.400009
397.200012 212.400009
552 221
592.800049 254.400009
505.200012 302.400024
642 322.800018
529.200012 306
638.400024 320.400024
630 313.200012
630 319.200012
649.200012 315.600006
368.640015 197.280014
368.640015 200.160004
652.320007 319.680023
637.920044 319.680023
630.720032 319.680023
649.440002 315.360016
630.720032 313.920013
997.816528 335.923279
514.944031 184.896011
409.536041 200.448013
409.536041 203.904022
584.064026 233.280029
573.696045 293.76004
616.896057 300.672028
528.768066 305.856018
504.57605 311.040039
630.720032 314.496033
637.63208 319.680023
654.912048 319.680023
641.088074 323.136017
545.76001 95.0400009
514.252869 184.55043
367.027252 199.065628
599.270508 257.126434
603.417664 279.936035
597.196899 290.304047
528.768066 304.819244
630.374512 313.113647
986.68811 359.424042
624.153687 321.408051
512.594055 184.135727
365.783112 199.065643
513.589355 185.131058
573.309082 250.822723
265.155457 207.824554
584.058655 261.572266
333.235901 179.159088
