1083 355
1105 353
385 353
565 94
556 95
1190 352
711 439
1187 350
1103 356
1079 349
1185 356
1190 346
1080 347
402 348
1202 356
461 347
664 344
826 343
734 343
489.600006 145.200012
655 343
648 344
640 344
582 344
1068 357
1201 342
486 183
579 342
532 186
396 341
1195 340
707 340
1229 339
486 197
480 201
358 204
509 340
462 207
471 209
480 210
484 211
446 214
449 217
519 220
562 221
564 223
572 222
1186 359
1206 360
1243 229
704 338
1246 231
1247 236
611 237
1243 236
608 238
607 240
641 338
605 244
1236 246
1240 245
1223 336
1232 249
708 335
703 335
1104 360
1055 254
620 257
1217 334
663 334
653 335
632 259
1022 260
606 260
716 334
1238 261
1218 263
1224 263
297 389
710 334
607 265
667 334
1247 265
625 334
1220 268
1235 270
510 333
1178 363
1227 275
1234 276
644 278
1230 277
640 279
701 333
293 387
545 333
541 333
1232 280
1226 331
266 387
951 283
1226 284
1071 285
1217 287
1231 286
1073 287
604 289
630 289
273 386
1224 289
1237 291
1073 291
607 291
627 291
609 293
661 331
558 331
613 294
625 294
632 293
1190 384
1074 294
654 331
603 294
671 295
620 296
637 296
654 295
649 330
609 296
695 297
1190 363
548 298
618 298
623 298
646 298
1069 364
1185 381
636 298
641 299
698 330
1085 364
652 330
1180 365
1225 299
544 329
1185 378
720 329
1231 302
543 304
601 306
1085 368
1223 306
1235 307
681 307
600 308
964 308
1034 309
710 327
706 328
604 310
682 310
1218 310
1184 374
1222 312
1241 311
517 312
543 314
565 327
586 313
609 314
613 313
658 314
680 313
1104 368
561 314
1219 326
595 314
1178 376
1187 373
628 315
688 314
1215 314
1231 314
520 315
706 315
1209 326
1200 326
686 317
1189 368
1241 317
752 325
517 317
712 326
707 326
685 325
673 325
539 318
560 318
684 319
1067 318
1234 318
544 320
1107 371
674 319
681 320
693 320
760 319
558 325
1223 324
1203 324
1217 321
723 324
516 321
525 321
710 324
655 322
687 322
726 321
675 322
681 322
696 323
679 325
1226 323
1239 322
514 324
691 323
571 323
592 323
627 402
1213 324
409 401
1192 371
365 474
570 321
519 321
624 398
1207 339
514 327
397 344
615 241
1245 259
623 387
556 333
478 422
1229 289
1246 288
691 438
591 348
1247 310
525 307
932 298
674 298
966 305
1197 348
432 348
692 314
687.600037 313.200012
1179.6001 366
1070.40002 364.800018
1105.20007 360
1082.40002 357.600006
1069.20007 356.400024
1102.80005 356.400024
1082.40002 354
1084.80005 367.200012
1190.40002 351.600006
1104 368.400024
1105.20007 350.400024
1078.80005 349.200012
1107.6001 370.800018
1181 373
1179 374
732 343.200012
1182 374.400024
835.200012 342
489 145
830.400024 342
492.000031 151.200012
734.400024 342
1195.20007 340.800018
706.800049 336
652.800049 334.800018
650.400024 334.800018
663.600037 333.600006
1221.6001 332.400024
489.600006 178.800003
717.600037 333.600006
486.000031 183.600006
541.200012 332.400024
661.200012 331.200012
655.200012 331.200012
649.200012 330
486.000031 196.800003
426.000031 199.200012
471.600006 201.600006
481.200012 200.400009
465.600006 202.800003
361.200012 205.200012
273.600006 386.400024
480.000031 207.600006
361.200012 208.800003
465.600006 208.800003
480.000031 210.000015
446.400024 213.600006
453.600006 216.000015
649.200012 327.600006
686.400024 325.200012
679.200012 324
661.200012 324
1224 324
658.800049 322.800018
608.400024 237.600006
606 240.000015
1221.6001 321.600006
604.800049 243.600006
1236 246.000015
758.400024 322.800018
1233.6001 249.600006
691.200012 322.800018
674.400024 321.600006
655.200012 321.600006
620.400024 255.600006
604.800049 256.800018
666 320.400024
630 259.200012
606 260.400024
540 318
686.400024 316.800018
681.600037 316.800018
763.200012 315.600006
688.800049 316.800018
666 314.400024
607.200012 265.200012
613.200012 313.200012
602.400024 312
1220.40002 267.600006
1233.6001 270
592.800049 313.200012
542.400024 313.200012
566.400024 307.200012
1230 277.200012
606 278.400024
543.600037 303.600006
639.600037 280.800018
1231.20007 279.600006
642 298.800018
548.400024 297.600006
645.600037 297.600006
1221.6001 283.200012
1226.40002 283.200012
606 284.400024
1231.20007 285.600006
625.200012 294
603.600037 288
603.600037 292.800018
609.600037 291.600006
626.400024 291.600006
1230 289.200012
1189.20007 368.400024
1224 289.200012
459.600006 346.800018
1104 373.200012
1186.80005 373.200012
1237.20007 290.400024
385.200012 352.800018
633.600037 286.800018
637.200012 295.200012
654 295.200012
648 343.200012
668.400024 295.200012
631.200012 286.800018
613.200012 296.400024
1177.20007 378
1189.20007 363.600006
825.600037 343.200012
565.200012 81.6000061
525.600037 297.600006
654 342
579.600037 340.800018
703.200012 339.600006
644.400024 278.400024
1226.40002 298.800018
1228.80005 337.200012
1224 336
1184.40002 381.600006
1232.40002 302.400024
1216.80005 333.600006
1071.6001 332.400024
1226.40002 303.600006
710.400024 333.600006
667.200012 333.600006
1222.80005 306
1234.80005 306
510.000031 333.600006
714 333.600006
700.800049 333.600006
1234.80005 276
1183.20007 368.400024
558 331.200012
720 328.800018
698.400024 330
1224 308.400024
1190.40002 384
682.800049 309.600006
708 327.600006
1218 309.600006
694.800049 328.800018
679.200012 327.600006
558 327.600006
1240.80005 310.800018
1219.20007 326.400024
607.200012 271.200012
561.600037 220.800003
586.800049 313.200012
603 269
1182 358.800018
679.200012 313.200012
1226.40002 266.400024
565.200012 326.400024
1214.40002 314.400024
595.200012 314.400024
1208.40002 326.400024
712.800049 325.200012
690 325.200012
672 325.200012
524.400024 315.600006
1232.40002 262.800018
1218 262.800018
709.200012 324
706.800049 325.200012
541.200012 324
1219.20007 316.800018
1240.80005 316.800018
1238.40002 260.400024
1022.40002 260.400024
1239.6001 322.800018
1234.80005 318
1190.40002 356.400024
1240.80005 244.800003
546 320.400024
561.600037 98.4000015
1185.6001 355.200012
1056 253.200012
694.800049 319.200012
1239.6001 277.200012
630 346.800018
402.000031 346.800018
1068 345.600006
1192.80005 370.800018
726 321.600006
518.400024 320.400024
622.800049 397.200012
1232.40002 322.800018
1068 318
1226.40002 294
571.200012 322.800018
691.200012 438.000031
693.600037 295.200012
1178.40002 352.800018
1213.20007 324
1201.20007 362.400024
1207.20007 338.400024
975.600037 279.600006
627.600037 338.400024
1087.20007 301.200012
1203.6001 324
627.600037 402.000031
682.800049 303.600006
967.200012 304.800018
1194 351.600006
366 472.800018
486.000031 188.400009
1227.6001 274.800018
1197.6001 354
963.600037 308.400024
591.600037 348
550.800049 388.800018
634.800049 297.600006
402.000031 450.000031
932.400024 297.600006
1212 334.800018
1200 326.400024
724.800049 327.600006
520.800049 220.800003
627.600037 404.400024
1197.6001 348
708 344.400024
432.000031 348
454.800018 441.600006
622.800049 387.600006
570 320.400024
624 348
514.800049 324
586.080017 313.920013
564.480042 82.0800018
555.840027 93.6000061
564.480042 95.0400009
1185.12 355.680023
561.600037 99.3600006
557.280029 99.3600006
1189.44006 351.360016
1104.4801 351.360016
1196.64001 355.680023
1202.40002 354.240021
1078.56006 348.480011
1103.04004 355.680023
401.76001 449.280029
629.280029 347.040009
468.000031 347.040009
711.360046 439.200012
688.320007 437.76001
463.680023 347.040009
1177.92004 355.680023
1189.44006 345.600006
1189.44006 357.120026
491.040009 182.880005
531.360046 185.76001
486.720032 188.640015
1082.88 357.120026
1206.72009 344.160004
424.800018 195.840012
485.280029 195.840012
426.240021 201.600006
480.960022 200.160004
470.880005 201.600006
479.52002 205.920013
470.880005 208.800003
446.400024 214.560013
453.600006 216.000015
610.559998 236.160004
607.680054 237.600006
614.880005 241.920013
604.800049 244.800003
1206.72009 358.560028
1232.64001 249.12001
1039.20007 250.800003
1105.92004 360
619.200012 256.320007
835.200012 342.720001
1022.40002 260.640015
830.880005 342.720001
825.120056 342.720001
1234.08008 269.279999
606.240051 270.720001
659.52002 344.160004
646.559998 342.720001
637.920044 342.720001
606.240051 279.360016
505.440033 344.160004
1176.4801 361.440002
950.400024 282.240021
1226.88 283.680023
1065.6001 283.680023
630.720032 286.559998
1231.20007 286.559998
633.600037 286.559998
1218.23999 286.559998
626.400024 290.880005
1224 289.440002
610.559998 290.880005
1200.96008 341.279999
603.360046 292.320007
636.480042 293.76001
653.76001 295.200012
1075.68005 293.76001
1225.44006 293.76001
618 297.600006
650.880005 295.200012
692.640015 295.200012
1193.76001 341.279999
548.640015 298.080017
624.960022 296.640015
633.600037 298.080017
653.76001 342.720001
1190.88 362.880005
519.840027 300.960022
606.240051 298.080017
1231.20007 339.840027
864.000061 298.944031
1226.88 298.080017
622.080017 397.440002
1087.20007 300.960022
542.880005 303.840027
652.320007 302.400024
1199.52002 361.440002
1206.72009 338.400024
1234.08008 305.279999
509.76001 338.400024
640.800049 338.400024
565.920044 306.720001
1224 336.960022
544.320007 306.720001
593.280029 308.160004
963.360046 308.160004
1033.92004 309.600006
1222.56006 308.160004
548.640015 311.040009
668.160034 309.600006
1069.92004 364.320007
516.960022 312.480011
545.76001 391.680023
1216.80005 334.080017
509.76001 334.080017
299.52002 385.920013
1084.32007 367.200012
603.360046 312.480011
678.240051 312.480011
688.320007 313.920013
1231.20007 312.480011
519.840027 315.360016
1221.12 332.640015
627.840027 315.360016
266.400024 387.360016
665.280029 313.920013
1071.35999 332.640015
1215.36011 313.920013
524.160034 315.360016
763.200012 315.360016
717.120056 332.640015
540 318.240021
685.440002 316.800018
681.120056 318.240021
1067.04004 318.240021
1189.44006 384.480011
524.160034 319.680023
545.76001 319.680023
712.800049 332.640015
666.720032 321.120026
673.920044 321.120026
1216.80005 321.120026
655.200012 321.120026
688.320007 321.120026
725.76001 321.120026
757.440002 322.559998
1183.68005 381.600006
570.240051 322.559998
658.080017 322.559998
662.400024 324
1212.4801 324
1225.44006 322.559998
671.040039 324
678.240051 324
686.880005 325.440002
1203.84009 324
712.800049 325.440002
1179.36011 365.76001
564.480042 326.880005
573.119995 326.880005
724.320007 331.200012
1222.56006 326.880005
1180.80005 372.960022
1104.4801 372.960022
544.320007 328.320007
658.080017 328.320007
695.52002 328.320007
698.400024 329.76001
1104.4801 367.200012
557.280029 331.200012
649.440002 329.76001
544.320007 398.880005
216.000015 482.400024
403.200012 345.600006
1190.88 372.960022
511.200012 430.560028
1222.56006 344.160004
974.880066 279.360016
627.840027 414.720032
624.960022 348.480011
623.52002 408.960022
288 387.360016
455.040009 442.080017
1203.84009 362.880005
622.080017 387.360016
408.960022 400.320007
571.679993 452.160004
563.040039 335.52002
682.559998 303.840027
491.040009 452.160004
626.400024 338.400024
516.960022 306.720001
1232.64001 335.52002
1212 310.800018
342.720001 427.680023
1197.50415 355.968048
556.416077 93.3120117
565.05603 95.0400085
1178.49609 355.968048
1102.46411 355.968048
388.800049 134.784012
1069.63208 357.696045
1081.72815 357.696045
489.600006 144
494.208038 146.88002
1081.72815 354.240021
1104.19214 350.784027
1185.40808 359.424042
489.024048 177.984024
1105.92017 361.152039
492.480042 183.168015
1195.77612 347.328033
1069.63208 364.608032
485.568054 195.264023
480.384033 200.448013
470.016052 202.176025
468.288055 207.360016
362.880035 209.088013
480.384033 210.816025
1188.86414 347.328033
563.328064 222.912018
604.800049 238.46402
1178.49609 366.336029
604.800049 245.376022
1105.92017 369.792023
618.624084 255.744019
1055.80811 254.016022
604.800049 255.744019
1183.68005 368.064026
628.992065 259.200012
1206.14417 342.144043
831.168091 342.144043
608.256042 260.92804
730.944092 342.144043
604.800049 266.11203
1219.96814 267.840027
653.184082 342.144043
646.272034 342.144043
637.63208 343.87204
606.528076 279.936035
642.81604 279.936035
1188.86414 368.064026
950.400085 281.664032
1194.0481 340.416046
1206.14417 338.688019
701.568054 336.960022
1218.24011 286.848022
611.712036 290.304016
632.448059 292.032013
641.088074 338.688019
509.76004 338.688019
1216.51208 335.232025
611.712036 293.76004
656.640076 293.76004
1076.54407 293.76004
1104.19214 373.248047
1221.69617 333.504028
1071.36011 333.504028
606.528076 297.216034
611.712036 298.944031
717.120056 333.504028
642.81604 297.216034
658.368042 297.216034
701.568054 333.504028
663.552063 333.504028
520.128052 298.944031
547.776062 298.944031
656.640076 333.504028
1178.49609 373.248047
542.592041 304.128021
651.456055 302.400024
1225.1521 302.400024
1187.13611 374.976044
724.032043 331.776031
539.136047 333.504028
592.704041 307.584015
1176.76807 378.432037
1183.68005 381.888031
649.728088 330.048035
556.416077 330.048035
656.640076 328.320038
544.320068 328.320038
1223.42407 309.312042
266.11203 387.072021
542.592041 312.768036
547.776062 311.040039
561.600037 309.312042
274.752014 385.344025
1221.69617 328.320038
292.032013 387.072021
565.05603 328.320038
672.192078 324.864044
677.376038 312.768036
689.472046 314.496033
1225.1521 323.136017
1214.78406 312.768036
565.05603 314.496033
696.384094 323.136017
677.376038 324.864044
627.264038 316.22403
1216.51208 321.40802
673.920044 321.40802
684.288086 316.22403
691.200073 319.680023
654.912048 319.680023
762.048096 316.22403
1219.96814 316.22403
540.864075 317.952026
665.28009 317.952026
680.832092 317.952026
547.776062 321.40802
523.584045 319.680023
1200.96008 362.880035
604.800049 231.552017
615.16803 241.920029
1202.68811 355.968048
1038.52808 250.560028
1021.24811 259.200012
836.352051 342.144043
1057.53613 264.384033
1195.77612 369.792023
1200.96008 340.416046
1213.05615 323.136017
1064.44812 283.392029
630.720032 285.120026
1071.36011 292.032013
546.048035 392.256042
523.584045 314.496033
573.696045 326.592041
692.92804 295.488037
632.448059 297.216034
1207.87207 326.592041
675.648071 298.944031
1086.91211 300.672028
565.05603 82.9440079
668.736084 309.312042
725.760071 321.40802
516.672058 312.768036
485.568054 190.080017
1225.1521 257.472015
622.080078 397.440033
824.256104 343.87204
1102.46411 331.776031
644.544067 411.264038
1202.68811 323.136017
578.880066 340.416046
630.720032 349.05603
625.536072 392.256042
511.488037 430.272034
630.720032 430.272034
634.176086 285.120026
627.264038 414.720032
717.120056 324.864044
521.856079 459.648041
257.472015 476.92804
544.320068 399.16803
1067.90405 319.680023
217.728027 482.112061
622.080078 333.504028
1214.78406 347.328033
962.496094 309.312042
412.992035 468.288055
646.272034 406.080048
571.968079 452.736053
490.752045 452.736053
649.728088 418.176025
622.080078 409.536041
584.064026 343.87204
433.728027 347.328033
495.936035 395.712036
974.592102 279.936035
623.808044 347.328033
555.724854 93.3120117
1194.3938 348.364838
564.019287 95.3856125
1076.19861 346.29126
1175.73132 354.585663
493.516876 151.372818
1069.97778 358.732849
1080.3457 358.732849
530.841675 186.624023
711.244873 437.529663
485.222473 194.918427
481.075256 201.139221
423.014465 201.139221
466.560059 203.21283
481.075256 209.433624
445.824066 213.580826
452.044861 213.580826
535.680054 219.456024
729.907288 342.144043
601.344055 223.948837
603.417664 232.243225
690.508911 437.529663
609.638489 234.316833
603.417664 238.464035
607.56488 242.611237
603.417664 244.68483
657.331299 342.144043
636.595276 342.144043
605.491272 255.052841
1053.38892 252.979233
1057.53613 255.052841
628.300903 259.200043
1105.229 360.806458
1173.65771 360.806458
605.491272 265.420837
367.027252 472.780853
738.201721 340.070435
651.110474 340.070435
1069.97778 362.880066
642.816101 279.936035
707.097717 337.996857
640.742493 337.996857
1082.41931 364.953644
636.595276 288.230438
1105.229 369.100861
663.552124 333.84964
624.153687 296.524841
561.945679 333.84964
1088.64014 369.100861
605.491272 296.524841
642.816101 296.524841
659.404907 296.524841
862.617737 296.524841
657.331299 331.776062
1186.09937 369.100861
520.473694 298.59845
547.430481 298.59845
539.136047 331.776062
649.036865 329.702454
543.283264 302.745636
651.110474 302.745636
1101.08179 371.174438
566.092896 306.892853
1177.80493 373.248047
1186.09937 375.321655
655.25769 327.628845
564.019287 327.628845
543.283264 327.628845
1181.95215 381.54245
290.304047 387.763245
684.288086 323.481659
675.993713 323.481659
756.864136 321.408051
661.478516 321.408051
541.209656 311.040039
671.846497 319.334442
665.625671 319.334442
653.184082 319.334442
690.508911 317.260834
539.136047 317.260834
763.0849 315.187256
626.227295 315.187256
665.625671 315.187256
684.288086 315.187256
628.300903 431.308868
1213.05615 313.113647
1204.76172 348.364838
381.54245 350.438446
545.356873 391.910461
564.019287 82.9440155
1065.83057 346.29126
675.993713 311.040039
632.448059 348.364838
570.240051 321.408051
516.326477 311.040039
543.283264 398.131256
402.278442 447.897675
462.412872 346.29126
267.494446 385.689667
1206.83533 325.555237
1188.17297 383.616058
456.192078 346.29126
1202.68811 354.585663
1175.73132 379.468842
692.58252 306.892853
412.646454 468.633667
671.846497 327.628845
700.876892 327.628845
829.440125 342.144043
523.584045 221.184021
649.036865 418.867249
555.724854 329.702454
1086.56653 300.672028
1034.72656 250.90564
1208.90894 358.732849
690.508911 296.524841
657.331299 292.377655
1069.97778 333.84964
557.798462 315.187256
510.105682 335.923248
503.884857 342.144043
1020.21136 259.200043
1190.24658 360.806458
632.448059 284.083252
1061.68335 282.009644
1202.68811 362.880066
464.48645 489.369659
974.592163 277.862427
941.414551 267.494446
537.0625 433.382446
624.153687 391.910461
257.126434 476.92807
520.473694 460.339264
510.105682 429.23526
649.036865 429.23526
522.547302 319.334442
628.300903 414.720062
620.00647 396.057648
835.660889 342.144043
528.768066 449.971252
524.62085 313.113647
404.352051 346.29126
644.889709 406.425659
452.044861 439.603271
626.227295 402.278442
1194.3938 381.54245
622.080078 423.014465
554.895508 92.0678635
562.360474 97.0445023
388.178009 134.369308
383.201385 141.834274
562.360474 84.6028976
189.112366 532.50061
490.199158 154.275879
462.827637 487.710846
360.806488 482.734192
490.199158 176.670761
390.666321 181.6474
530.012268 186.624039
216.483887 480.24588
360.806488 201.55397
467.80426 204.042282
363.2948 209.018936
480.24588 209.018936
445.409393 213.995575
530.012268 213.995575
450.386017 213.995575
569.825439 218.972214
368.271454 470.292603
522.547302 221.460526
562.360474 221.460526
609.63855 233.90213
617.103516 243.855423
617.103516 253.808701
604.661926 253.808701
1057.53625 253.808701
1020.21143 258.785339
609.63855 261.273651
604.661926 266.250305
940.585205 268.738617
522.547302 457.850983
972.93335 278.691895
604.661926 281.180237
641.986694 281.180237
950.538452 281.180237
1060.02454 281.180237
609.63855 286.15686
629.545105 286.15686
656.916626 291.133514
607.150208 296.110138
641.986694 296.110138
1074.95447 293.621826
624.568481 296.110138
659.404968 296.110138
666.869934 296.110138
689.264832 296.110138
863.447266 296.110138
487.710846 452.874359
400.619629 447.897705
520.059021 298.59848
547.430542 298.59848
500.152435 445.409393
709.171387 437.944427
689.264832 435.456116
1084.90784 301.086792
567.337097 306.063446
649.45166 303.575104
681.799866 306.063446
537.477234 432.967773
627.056763 430.479462
691.753113 306.063446
539.965576 311.04007
559.872131 308.551758
607.150208 308.551758
699.218079 308.551758
507.617401 430.479462
525.035645 313.528381
674.3349 311.04007
1032.65308 311.04007
567.337097 316.016724
622.080139 316.016724
654.428345 316.016724
666.869934 318.505035
520.059021 423.014496
539.965576 318.505035
689.264832 318.505035
622.080139 420.526184
569.825439 320.993347
659.404968 320.993347
756.449463 320.993347
1067.4895 320.993347
649.45166 418.037872
674.3349 323.481689
644.475037 410.572906
572.313721 325.970001
619.591797 408.084564
651.940002 325.970001
699.218079 325.970001
709.171387 325.970001
644.475037 405.596252
542.453918 398.131287
619.591797 395.642975
537.477234 330.946625
554.895508 328.458313
689.264832 328.458313
544.9422 390.666321
288.645203 385.689697
1189.41724 383.201385
1102.32605 330.946625
564.848755 333.434967
273.715271 385.689697
654.428345 333.434967
699.218079 333.434967
1069.97791 333.434967
1194.39392 380.713043
1181.95227 380.713043
1184.44055 375.73642
641.986694 338.411591
649.45166 338.411591
709.171387 338.411591
739.031189 338.411591
1099.83765 370.759766
502.640747 340.899933
1186.92896 368.271454
634.521729 340.899933
659.404968 340.899933
729.077942 340.899933
828.610779 340.899933
1194.39392 340.899933
1104.81433 368.271454
1104.81433 363.2948
1079.93115 363.2948
1069.97791 358.318176
462.827637 345.876556
1174.4873 353.341522
622.080139 345.876556
1074.95447 345.876556
380.713043 348.364868
1186.92896 350.85321
1079.93115 350.85321
632.033447 348.364868
1104.81433 348.364868
1067.4895 350.85321
1089.8844 367.276123
1080.92651 361.304169
1107.80042 367.276123
388.17804 134.369324
480.743561 137.355301
382.206055 143.327271
486.715515 146.313263
1071.96851 358.318176
1176.47803 352.346191
1080.92651 352.346191
489.701508 176.173096
391.164001 182.145081
528.519287 185.131058
483.729553 191.103027
1098.84241 370.262115
361.304169 200.060974
465.813629 203.046967
483.729553 206.032959
364.290161 209.018936
1107.80042 346.374237
1176.47803 370.262115
537.477295 217.976898
561.365112 220.962875
570.32312 217.976898
600.182922 223.948853
609.140869 232.906815
1182.44995 382.206055
606.154907 253.808716
1054.05261 253.808716
1074.95459 343.388245
627.056824 259.78067
612.126892 262.766663
1068.98254 343.388245
728.580322 340.402283
650.944702 340.402283
743.510193 337.41629
367.276123 471.785583
710.664368 337.41629
698.720459 334.430298
656.916626 334.430298
952.529175 280.682556
630.042786 286.654541
713.650391 328.458313
668.860596 328.458313
549.421204 328.458313
537.477295 328.458313
627.056824 295.612488
653.930664 325.472351
659.902649 319.500366
862.949585 295.612488
540.463257 319.500366
668.860596 316.514404
549.421204 301.584473
653.930664 316.514404
618.098877 307.556427
609.140869 307.556427
650.944702 304.570435
558.37915 307.556427
1086.89844 301.584473
534.491272 447.897705
555.393188 92.5655289
677.818542 310.542419
1033.15076 313.528412
450.883698 214.990906
621.084839 313.528412
764.412109 313.528412
522.547363 301.584473
1021.20679 259.78067
689.762512 295.612488
934.61322 262.766663
588.239014 322.486359
271.724609 385.192047
677.818542 322.486359
716.636353 322.486359
728.580322 322.486359
755.454163 322.486359
1068.98254 322.486359
689.762512 435.953796
1054.05261 265.752655
606.154907 268.738647
665.874634 295.612488
641.986755 340.402283
636.014771 343.388245
501.645447 340.402283
555.393188 328.458313
606.154907 292.626526
412.065918 468.799622
689.762512 328.458313
659.902649 289.640533
1060.02466 280.682556
217.976898 480.743561
1104.81433 331.444305
540.463257 424.009827
641.986755 280.682556
603.168945 280.682556
1071.96851 334.430298
519.56134 424.009827
650.944702 418.037872
400.121948 450.883698
507.617432 429.981812
462.827637 489.701508
185.131058 534.491272
701.706421 307.556427
630.042786 432.967804
540.463257 432.967804
447.897705 573.309082
525.533325 310.542419
501.645447 444.911743
462.827637 346.374237
289.640533 385.192047
615.112854 322.486359
519.56134 313.528412
486.715515 453.86969
615.112854 313.528412
1048.08069 361.304169
379.220062 358.318176
630.640015 333.235901
386.983643 132.577728
480.146362 136.160904
383.400452 143.327271
483.729553 146.910461
458.647278 490.895905
361.901367 483.729553
369.067719 469.39682
490.895905 157.660004
412.065918 465.813629
490.895905 175.575912
390.566833 182.742279
526.727722 186.325455
483.729553 193.491821
361.901367 200.658188
419.232269 200.658188
465.813629 204.241364
483.729553 204.241364
365.484558 211.40773
537.477295 214.990906
523.144531 458.647278
569.725891 214.990906
523.144531 222.157272
598.391357 222.157272
601.974548 229.323639
605.557739 250.822723
627.056824 261.572266
404.899536 458.647278
931.627258 261.572266
612.724121 265.155457
938.79364 268.738647
1049.87231 268.738647
401.316376 451.480927
533.894104 447.897736
953.126404 279.48819
705.886841 437.148193
1057.0387 279.48819
691.554077 437.148193
627.056824 283.071381
605.557739 293.820923
627.056824 297.404083
641.389526 293.820923
859.963623 293.820923
541.060486 422.81546
272.321808 383.400452
662.888672 297.404083
687.970947 297.404083
1096.45361 369.067719
1107.20325 365.484558
548.226807 300.987274
376.2341 347.568634
1082.12097 300.987274
566.142761 304.570465
616.307251 304.570465
648.555908 304.570465
1107.20325 343.985474
727.385925 340.402283
673.638184 308.153625
630.640015 340.402283
501.645447 340.402283
1067.78821 336.819092
619.890442 315.320007
659.305481 315.320007
745.301819 336.819092
709.470032 336.819092
670.054993 318.903198
687.970947 318.903198
587.641846 322.486359
677.221375 322.486359
698.720459 322.486359
727.385925 322.486359
745.301819 322.486359
655.72229 336.819092
512.39502 336.819092
533.894104 326.06955
652.139099 326.06955
1103.62 333.235901
716.636353 329.65274
670.054993 329.65274
691.554077 329.65274
447.897736 573.309082
498.062286 447.897736
644.972717 401.316376
566.142761 555.393188
186.325455 533.894104
218.574097 480.146362
254.405914 476.563202
1031.95642 315.320007
1074.95459 293.820923
1017.62366 257.989105
505.228638 429.981812
627.056824 433.565002
483.729553 455.064087
655.72229 437.148193
641.389526 283.071381
519.56134 300.987274
601.974548 283.071381
971.042297 279.48819
634.223206 354.735016
257.989105 465.813629
630.640015 455.064087
702.30365 308.153625
