426 196
446 213
631 256
628 257
543 302
586 312
665 313
686 316
684 317
674 318
680 320
678 323
684 323
446.400024 213.600006
453.600006 213.600006
627.600037 256.800018
603.600037 295.200012
664.800049 313.200012
684 316.800018
664.800049 319.200012
674.400024 320.400024
687.600037 320.400024
678 322.800018
452.160004 213.12001
629.280029 257.76001
688.320007 319.680023
673.920044 319.680023
684 315.360016
609.98407 235.008026
603.072083 292.032013
540.864075 311.040039
672.192078 319.680023
423.014465 199.065628
626.227295 288.230438
423.014496 199.065643
609.63855 233.90213
604.661926 251.320374
649.45166 301.086792
659.404968 318.505035
388.17804 131.383331
388.17804 179.159088
390.566833 179.159088
605.557739 247.239548
612.724121 261.572266
662.888672 297.404083
