399 128
427 200
426 205
446 213
451 214
621 255
607 263
647 298
543 303
587 312
680 312
666 314
545 319
681 320
675 321
687 321
679 323
426.000031 199.200012
426.000031 204.000015
446.400024 213.600006
454.800018 214.800003
632.400024 258
678 322.800018
687.600037 320.400024
638.400024 294
674.400024 320.400024
681.600037 315.600006
652.800049 301.200012
666 313.200012
542.400024 312
629.280029 257.76001
642.240051 296.640015
652.320007 300.960022
665.280029 313.920013
662.400024 322.559998
678.240051 322.559998
561.600037 98.4960098
425.088043 202.176025
464.832031 202.176025
618.624084 254.016022
651.456055 302.400024
566.784058 305.856018
665.28009 314.496033
684.288086 316.22403
673.920044 319.680023
530.841675 184.55043
634.521667 290.304047
604.661926 251.320374
649.45166 301.086792
659.404968 318.505035
528.519287 185.131058
612.724121 261.572266
