390.08725 120.001244
422.250732 196.811249
421.30423 201.974976
442.475555 210.638168
447.715424 211.756805
620.96582 254.784592
606.93689 262.82428
647.00824 297.973145
542.689087 302.876709
586.950439 311.971497
680.045166 311.973053
666.018127 313.985535
544.735962 318.940216
681.041565 319.982849
675.028198 320.987335
687.057251 320.980164
679.035278 322.987183
421.176483 195.95842
421.282623 200.938416
442.904541 211.263748
451.690399 212.645203
632.395447 257.811523
678.033203 322.787506
687.659546 320.378967
638.402954 293.967346
674.42749 320.387115
681.646179 315.576904
652.811584 301.176239
666.018555 313.184723
542.102112 311.911804
629.268127 257.569214
642.245239 296.61203
652.331238 300.936066
665.297302 313.905884
662.410461 322.553802
678.273926 322.54715
559.909241 92.9025192
420.279205 199.026779
461.908997 199.813004
618.58252 253.790985
651.465942 302.378754
566.649231 305.789429
665.297058 314.482452
684.340942 316.199677
673.947021 319.666687
529.553711 182.626053
634.52179 290.263031
604.571899 251.053955
649.460571 301.064331
659.414246 318.497375
527.19043 183.196457
612.674683 261.394897
