-0.430016279 -0.29341507 1.44415188
-0.389560819 -0.258781999 1.44721258
-0.0151165817 -0.367111325 3.17462468
-0.0277663507 -0.351910561 3.06199336
-0.291842818 -0.113298267 2.2357161
-0.159192145 -0.0854101107 2.30370116
0.103763811 -0.0826395899 2.36812878
0.17480582 -0.0741694719 2.36835313
0.168047771 -0.0707932711 2.36851263
0.134242833 -0.0674414113 2.36928821
0.154453635 -0.0589171425 2.36697483
0.147694603 -0.0487779304 2.3670795
0.163433567 -0.0491088331 2.3034687
-0.384780824 -0.255123615 1.43248177
-0.378086179 -0.260653377 1.46362567
-0.0301795974 -0.360687882 3.13058615
-0.116355158 -0.157680437 2.65001869
0.103711374 -0.0845456421 2.38369775
0.16901435 -0.0722243339 2.38224292
0.103667095 -0.0620122515 2.38146567
0.13188377 -0.0580268241 2.30451465
0.175279453 -0.0579900369 2.30349636
0.148531899 -0.0497344248 2.38050437
-0.382692277 -0.263005137 1.46972907
-0.0218761712 -0.344057888 3.02224946
0.177661821 -0.0607601777 2.30375934
0.130315125 -0.0608019531 2.30487084
0.170074791 -0.0755292922 2.39643693
-0.111194514 -0.471125215 3.19167089
-0.125490367 -0.178890973 2.810498
-0.304413795 -0.0860268697 2.2787261
0.12968196 -0.0607743524 2.39731121
-0.443583101 -0.290920794 1.46875775
-0.0328318812 -0.195658773 2.84296584
-0.434072733 -0.284686416 1.43726921
-0.106917411 -0.453040123 3.0255692
-0.108626291 -0.3151806 2.5609107
0.053273268 -0.128871083 2.46787071
0.0852277428 -0.0643227547 2.3792963
-0.169781417 -0.124829851 0.520907402
-0.507898092 -0.327183664 1.44370723
-0.497965217 -0.323924303 1.4293443
-0.105674088 -0.331136703 2.56883621
-0.0891696513 -0.312865198 2.8859396
0.0944194719 -0.132321596 2.3141892
