-0.497734666 -0.346580893 1.87929654
-0.101614356 -0.706145346 5.75987434
0.316956848 -0.0457660295 0.387951821
0.0136063416 -0.664076149 5.75101805
0.070296824 -0.234645009 3.87905502
-0.389864862 -0.193131611 3.4394455
-0.332115352 -0.145463929 3.30428743
0.303096384 -0.154413283 3.87974119
0.13611263 -0.142336726 3.71077776
0.246995509 -0.126106068 3.55124354
0.294673026 -0.128861278 3.70299149
0.196291 -0.11597237 3.55209279
0.220637694 -0.118287876 3.70388317
0.226720527 -0.110892832 3.55164576
0.284114867 -0.102415629 3.70333123
0.220871419 -0.099913992 3.70924973
0.337423354 -0.0946258232 3.70849419
0.2367661 -0.0893170834 3.70912313
0.341986388 -0.0712938681 3.88063002
-0.575091541 -0.400486529 1.95430851
-0.59509176 -0.398251563 2.01054192
-0.502347052 -0.349448353 1.89483094
0.130930707 -0.0751658306 0.432198286
-0.0167020094 -0.687018335 6.00181198
0.117968507 -0.263101965 3.95676517
0.141169608 -0.230808377 3.67626977
0.105248034 -0.210519075 3.74529052
0.150027364 -0.149269164 3.73827815
0.233840957 -0.144907489 3.5520885
0.137345031 -0.146317661 3.74482608
0.175642759 -0.142846391 3.73767471
0.307749212 -0.154544696 3.95399737
0.246026471 -0.126644537 3.55212188
0.201262206 -0.123620443 3.73730326
0.227777258 -0.108383276 3.5525291
0.239993885 -0.0885337666 3.74318743
0.264320195 -0.0840284005 3.55238032
-0.580554724 -0.403878868 1.96594942
-0.580550373 -0.395803422 1.96593249
-0.119485252 -0.754530489 6.09748507
0.105102398 -0.21091637 3.78700066
0.151649505 -0.152181551 3.77875972
0.174954012 -0.144395635 3.77822256
0.299671113 -0.148535982 3.78366113
0.198523134 -0.132988095 3.78511333
0.275923967 -0.128830656 3.77672672
-0.421172768 -0.108245298 3.38296032
-0.595216632 -0.406159848 2.0071435
-0.11300455 -0.698981106 5.64864588
-0.208405271 -0.331065029 4.94276237
0.142005518 -0.213664696 3.61450577
0.232414812 -0.155243382 3.77697158
0.2976605 -0.145917803 3.77639484
0.176768199 -0.141606152 3.78672004
0.279518872 -0.132236451 3.78518009
0.213803962 -0.108642042 3.77775311
0.298220664 -0.113555379 3.78526783
0.232838199 -0.0948696658 3.78611088
-0.590862513 -0.401299804 1.97595108
0.317180932 -0.0451475568 0.387659699
-0.71201396 -0.472668767 2.04509997
0.00133140874 -0.412596762 4.80316496
