369 195
389 212
605 257
601 257
506 302
550 311
630 313
651 315
649 316
639 317
645 320
643 323
648 322
388.800018 212.400009
397.200012 212.400009
601.200012 256.800018
572.400024 296.400024
630 312
649.200012 315.600006
630 319.200012
638.400024 319.200012
651.600037 319.200012
643.200012 322.800018
396.000031 211.680008
601.920044 257.76001
652.320007 318.240021
637.920044 318.240021
649.440002 315.360016
584.064026 233.280029
573.696045 293.76004
504.57605 311.040039
637.63208 319.680023
367.027252 199.065628
597.196899 290.304047
365.783112 199.065643
582.267029 231.413818
572.313721 251.320374
615.859314 300.672028
624.568481 318.505035
265.752655 209.018936
331.444305 179.159088
333.235901 179.159088
573.309082 247.239548
584.058655 261.572266
627.056824 297.404083
