0.00603182  -0.00250868  0.00333268  
0.00506641  -0.00289277  0.00255249  
0.00087987  0.000782999  -0.000447503  
0.00185353  -0.000465353  0.000359636  
0.00316503  -0.00280592  0.00130123  
0.00596242  -0.00417181  0.00506616  
0.00142666  -0.00122383  1.92439e-05  
-0.00201008  0.00261019  -0.00297445  
0.00252353  0.00112336  0.000862326  
0.00336234  -0.000474185  0.0012448  
-0.000264282  0.00162131  0.000492092  
0.000741381  0.00214321  -0.000636261  
0.00142858  0.00332414  0.00151773  
0.00376544  -0.000683539  0.00129389  
0.00389399  -0.00129527  0.00142832  
0.000855013  0.00186765  0.00101498  
0.000151737  0.00328848  -0.00053101  
0.00344074  -0.00107417  0.00125849  
0.00702059  -0.00228574  0.00425398  
-0.00435227  0.00529382  -0.00464305  
0.00401198  -0.00110738  0.000920503  
0.000545101  0.000616842  0.000752537  
-0.00402489  0.00558483  -0.00163983  
0.00159592  0.000273963  0.000790986  
6.54476e-05  0.00212114  -0.000344188  
0.00286596  -0.00109318  0.00198247  
0.00127147  0.000857073  4.94997e-05  
-0.00133699  0.00457188  -8.74491e-05  
0.00330848  -0.00109178  0.00154445  
0.00371842  -0.00176222  0.00162093  
0.00382715  -0.00281736  0.00226612  
-0.000453557  0.0022784  -0.00204607  
-0.00220212  0.00377165  -0.00204833  
0.00329498  -0.000926664  0.00156877  
0.00115904  0.00185145  0.000509902  
0.0011901  0.000742838  0.000190418  
-0.00291621  0.0031786  -0.00435166  
0.00314083  -0.000274257  0.00175137  
0.00726687  -0.0039024  0.00383009  
0.000371986  0.00361919  -8.31419e-05  
0.00157323  0.00133317  0.000383813  
-0.00168302  0.00463926  -0.00173042  
0.000654269  0.000749762  -0.00151741  
0.00428652  -0.00311653  0.00204535  
-0.00255836  0.00349719  -0.00385506  
0.000592485  0.0019137  -0.000339004  
0.00362195  -0.000573664  0.000533425  
0.000244432  0.00172251  -0.00122099  
0.000761612  -0.00581113  -0.00393624  
0.00225599  -0.00167551  -0.000792506  
0.00106319  0.000230642  0.00245522  
-0.00253586  0.00367967  -0.00283151  
-0.00238495  0.00301107  -0.00453167  
0.00474956  -0.00159182  0.00147228  
-0.0019008  0.00258615  -0.00287571  
0.000510382  0.00340473  -0.000892638  
0.00331749  -0.00102001  -0.00134749  
-0.00100523  0.00488914  0.000768855  
0.00248375  -0.00194389  0.00106995  
0.00181117  0.000384413  0.0034158  
0.000386077  0.00136938  0.00021887  
0.00134729  0.00135535  0.00182953  
0.000994878  0.00105132  0.000245985  
0.00111916  0.000288325  0.000365819  
0.00190882  0.00372729  0.000597562  
0.00443663  0.000926731  0.00233204  
0.00293898  -0.00144878  0.00311188  
0.000206543  0.00362996  0.00087946  
0.00180548  0.000184334  -0.000263393  
0.0011311  -0.00683504  -0.00595411  
-0.00440086  0.00516155  -0.00328189  
-0.00016792  0.00373916  0.00185117  
-0.096476  -0.352124  3.06597  
-0.000634477  0.000166521  -0.0024437  
0.00269013  0.00214956  0.00111958  
0.00249472  -0.00395726  -0.00524156  
0.00200378  -0.000126589  0.000263109  
0.00174144  -0.000373085  -0.00132866  
0.00179245  0.000991156  0.000256254  
-0.000344214  0.00117844  -0.0043154  
0.00611491  -0.00302259  0.00216599  
-0.00212912  0.00325338  -0.00470045  
0.00132703  0.00221516  -0.00213495  
-0.00482606  0.00499209  -0.00394886  
0.00389499  -0.000435257  -0.00168497  
-0.000465352  0.000827738  -0.00261818  
0.00633264  -0.00392692  0.0023632  
0.00173329  0.00126476  -0.000831136  
0.000501721  0.00431666  0.0010239  
0.00392238  -0.000866998  0.00129907  
0.000709492  0.0019129  -0.000415538  
-0.000859224  0.00285155  -0.00100316  
-0.00224691  0.00414255  -0.00348092  
0.00280978  0.00130508  0.00272019  
-0.000863541  0.000248486  -0.000898899  
-0.000407931  0.00278904  -0.000165976  
0.000250737  0.00131998  0.00112505  
0.000128998  0.00215644  0.00358318  
0.00165733  0.000101471  -0.000297476  
-0.00182693  -0.00694874  -0.00836163  
0.00116938  0.00145445  0.000550013  
0.000914266  0.00212114  -0.00223657  
0.00311141  -0.000260925  -7.6919e-05  
-2.5874e-05  0.00151563  -0.00149804  
0.00291698  0.0019707  -0.00140031  
-0.00142859  0.00310674  -0.000845528  
-0.000675904  0.000349464  0.000646464  
0.00243384  0.00223281  0.00513403  
0.00129534  -0.00186776  -0.00122311  
0.00303256  -0.00112298  0.00311429  
-0.000168508  0.000315939  -0.0011811  
-0.0269512  0.0257701  -0.0080008  
0.000803205  0.00114769  0.000769851  
-1.0417e-05  0.00308368  -0.00205844  
0.00118485  0.00223752  -0.000919901  
-0.000323722  0.000470686  -0.00473043  
0.00603182  -0.00250868  0.00333268  
0.00506641  -0.00289277  0.00255249  
0.00087987  0.000782999  -0.000447503  
0.00185353  -0.000465353  0.000359636  
0.00316503  -0.00280592  0.00130123  
0.00596242  -0.00417181  0.00506616  
0.00142666  -0.00122383  1.92439e-05  
-0.00201008  0.00261019  -0.00297445  
0.00252353  0.00112336  0.000862326  
0.00336234  -0.000474185  0.0012448  
-0.000264282  0.00162131  0.000492092  
0.00753643  6.66629e-05  0.00431025  
0.00753643  6.66629e-05  0.00431025  
0.00662883  -0.00259037  0.00130601  
-0.0134428  0.00720205  -0.0174173  
0.00185353  -0.000465353  0.000359636  
0.0055435  -0.00222318  0.00280672  
0.00700712  -0.00258635  0.00134572  
0.000682458  0.00130061  -0.000669523  
0.00185353  -0.000465353  0.000359636  
0.00140033  0.00114945  0.00182622  
0.0055435  -0.00222318  0.00280672  
0.0055435  -0.00222318  0.00280672  
0.0055435  -0.00222318  0.00280672  
0.00700712  -0.00258635  0.00134572  
0.000682458  0.00130061  -0.000669523  
0.00185353  -0.000465353  0.000359636  
0.0055435  -0.00222318  0.00280672  
0.00700712  -0.00258635  0.00134572  
0.000682458  0.00130061  -0.000669523  
0.00185353  -0.000465353  0.000359636  
0.0055435  -0.00222318  0.00280672  
0.00700712  -0.00258635  0.00134572  
0.0055435  -0.00222318  0.00280672  
0.00700712  -0.00258635  0.00134572  
0.00719524  0.000964072  0.0030702  
0.00177627  0.000193987  0.000593834  
-0.0145243  0.00944833  -0.0238719  
0.00223733  0.000674184  -0.00261676  
0.00369492  0.000429075  0.000490781  
0.00267978  -0.00068637  0.00286363  
0.00112468  0.000851848  -0.00347185  
0.00185728  -0.000400655  -0.00302895  
0.00292847  0.00161548  -0.00172172  
0.00381356  0.0004608  -0.00134336  
-0.00282519  -0.00107774  -0.00145983  
0.00331835  0.000776598  -0.00162839  
0.00329913  0.000542344  -0.000448494  
0.00698057  0.000454033  0.000321658  
0.0022848  0.00106827  -0.00274749  
0.00501321  -0.00033757  0.00108574  
0.00334568  0.000900587  -0.00209459  
0.00274263  0.000552028  -0.00137132  
0.00300048  0.00118365  -0.00112595  
0.00125413  0.00096008  -0.0031536  
0.00321124  0.000719823  -0.00203792  
0.00183102  0.000104502  -0.00111353  
0.00893174  0.0003038  0.00324025  
0.00301911  -9.31257e-05  -0.00132541  
-0.0174323  0.0115848  -0.022512  
0.00239744  0.00057535  -0.00163921  
0.00285175  0.000722532  -0.00177822  
0.00193829  0.00196964  -0.000832501  
0.00277224  0.000513552  -0.00168645  
0.00344098  -0.000511681  -0.00118698  
0.00306525  -0.000987394  -0.00208168  
0.00252768  0.000979369  -0.00275881  
0.000977878  0.0015089  -0.00303326  
0.00286418  0.00071605  -0.00222819  
0.00359892  0.000392451  -0.001307  
0.00187891  0.000735501  -0.00264483  
0.00129168  0.00102131  -0.00368284  
0.00312477  0.000635872  -0.000944235  
0.00292996  0.000708332  -0.0023023  
0.00298344  0.00155754  -0.00184547  
0.00289257  0.00124841  -0.0018747  
0.00294468  0.000598529  -0.00131692  
0.00256329  0.000852418  -0.00259591  
0.00278346  -0.000303871  -0.00181172  
0.00780984  0.00122625  0.00546462  
0.00282239  0.000646402  -0.00162496  
0.00358341  -0.000729062  -0.00221505  
0.00325483  -0.000584915  -0.00196321  
0.00153961  0.000118685  -0.00269157  
0.00381001  0.000813677  -0.00883457  
0.00253305  -5.77822e-05  0.000188691  
0.00306806  0.000257601  -0.00103762  
0.00193551  0.000866068  -0.00354404  
0.00248088  0.00084963  -0.00204667  
0.00203249  0.000265048  -0.00281691  
0.00414604  0.000278276  -0.00122241  
0.00206022  0.000454943  -0.00275824  
0.00448932  -0.000307107  0.00178993  
0.00288201  -0.00102281  -0.000640811  
0.00461768  -0.00049705  0.00305957  
0.00171838  -0.00076797  -0.00291019  
0.00360818  -8.07506e-05  0.000776342  
0.00319617  -0.000271929  -0.000886369  
0.00192374  0.000479313  -0.00157944  
0.005131  0.00114329  -5.60834e-05  
0.00648216  -0.000758885  0.00229984  
0.00288224  -0.000107213  0.00033818  
0.00327051  0.000932845  1.40469e-05  
0.00432361  -0.000502522  -0.000822972  
0.0018787  0.000708936  -0.0045433  
-0.00124786  0.00304962  -0.00383211  
0.00101268  0.00318345  0.000468862  
0.00155252  0.000954105  0.000848249  
0.00160584  -0.00108227  -0.00271124  
0.00733559  -0.00282004  0.00146389  
0.0044868  -0.00440258  -0.00768993  
0.00388685  -0.0013044  -0.00118137  
0.00179547  0.00146271  -0.00389366  
0.00471774  -0.002094  0.00028881  
0.00651445  -0.000982615  0.00370195  
0.00563872  0.00108846  0.000252542  
0.000866444  0.00111616  -0.00448229  
0.00253952  0.000102293  -0.00324144  
0.0015738  7.21617e-05  -0.0021199  
-0.000477963  0.00309041  -0.00409876  
0.00693185  0.000428945  0.00405  
0.00394358  -5.78452e-05  0.00134374  
0.00414692  0.000135717  0.00015334  
0.00364955  0.000193133  -0.000961061  
0.00444238  6.51379e-05  0.00153012  
0.00373267  -0.000848266  0.00422344  
0.00262051  0.000383785  -0.00175392  
0.00341884  -0.000254109  -0.00133749  
0.00419848  0.00101345  -0.000356531  
0.00464911  0.000215868  -0.000110844  
0.00395548  -1.28314e-05  0.000359797  
0.00417728  0.000263213  -0.000735565  
0.00442801  -8.15054e-06  0.000758325  
0.00679683  0.000110327  0.00127155  
0.00388973  0.000343166  -0.000976168  
0.00691618  0.000397578  0.00441943  
0.00386288  -0.00012376  0.00155865  
0.00393592  -2.89713e-05  0.000758423  
0.00340834  -1.20066e-06  -9.19387e-05  
0.00424212  -9.97148e-05  0.00225762  
0.00350696  -0.00103023  0.00493457  
0.00242865  0.00011288  -0.000741748  
0.00342354  -0.000181348  0.000199205  
0.0039832  0.000936688  0.000345426  
0.00437673  1.99526e-05  0.000515713  
0.00375757  -0.000158177  0.000957172  
0.00385171  0.000107945  -0.000181189  
0.00422721  -0.000141626  0.0013205  
0.0068335  0.000126349  0.00173496  
0.00368822  0.000147379  -0.000303113  
0.00425396  -0.000455962  0.000473036  
0.00426928  9.97885e-05  5.91814e-05  
0.00371675  5.11794e-06  0.000620813  
0.00374649  0.000302744  0.000350306  
0.00282293  0.000412312  -0.00167118  
0.0041668  0.000188832  -0.000377906  
0.00403584  -0.000314546  0.00134468  
0.00800914  0.000294568  0.004135  
0.00380118  -0.000454332  0.000627762  
-0.00949158  0.00908514  -0.0169735  
0.00367233  -1.30727e-05  0.000684587  
0.00378027  9.759e-05  0.000259509  
0.00283089  0.000979105  0.000515613  
0.00385192  -8.19073e-05  0.00049272  
0.004311  -0.000842586  0.000731788  
0.00398961  -0.00088917  0.000570681  
0.00356003  0.000278465  -0.000685806  
0.00209171  0.000645581  -0.00160025  
0.00379656  0.000118279  4.10986e-05  
0.00372319  0.000101452  8.26568e-06  
0.00307661  0.000147295  -0.000495492  
0.00412401  0.000144538  0.000666552  
0.00406122  4.55598e-06  0.000900593  
0.00697587  0.00049842  0.00626318  
0.00370862  3.18324e-05  -0.000591141  
0.00384474  8.77924e-05  0.000187281  
0.00383781  -2.47724e-06  0.000616082  
0.00361698  5.28856e-05  -0.000586119  
0.0039596  -0.000804887  0.000119777  
0.00735269  0.000593995  0.00698052  
0.00389513  0.000227218  0.000613361  
0.00513154  -0.000536151  0.000964176  
0.00397593  -0.000648395  -0.000228713  
0.00358929  0.000245316  0.00105168  
0.00443511  0.000311039  -0.00217704  
0.00348307  -0.00110033  0.00224742  
0.00370773  -0.000231192  0.0010933  
0.00303065  0.00018718  -0.00151689  
0.00404467  7.88201e-05  -0.000201108  
0.00278278  -0.000118543  -0.00176121  
0.00278047  9.60159e-05  -0.000783835  
0.00311495  -0.000398592  -0.00228385  
0.00460884  -0.00062298  0.0033211  
0.00363505  -0.00136583  0.00136025  
0.00457729  -0.00106878  0.00386955  
0.00302157  -0.000772809  -0.000557992  
0.00432627  -0.000441838  0.00231887  
0.00393447  -0.000309359  0.000731253  
0.00391713  -0.000506419  0.000753072  
0.00511046  0.000811046  0.00190755  
0.00614346  -0.00086123  0.00364945  
0.0033558  3.28918e-05  5.03091e-05  
0.00389598  0.000302226  0.00140824  
0.00439644  -0.000143546  0.000686853  
0.00382323  0.00100301  -0.00112383  
0.00152998  0.00314013  -0.0014314  
0.0021011  0.00242821  0.00241607  
0.00253516  0.000508429  0.00367899  
0.00298492  -0.00183857  -0.000432146  
0.0104401  -0.00460628  0.0053289  
0.0063472  -0.00451464  -0.00470189  
0.00460509  -0.00174083  0.000699347  
0.00279435  0.000746448  -0.00115252  
0.00467841  -0.00142725  0.00176655  
0.00673678  -0.000380709  0.00791889  
0.00607736  9.69147e-05  0.00201658  
0.00258716  0.000153717  -0.00180111  
0.0034972  4.21682e-05  -0.00133933  
0.00251711  -0.000142215  0.000264004  
0.00136916  0.00106017  -0.00332733  
0.003946  -0.00146694  -0.00051338  
0.00440612  -6.57793e-05  -0.000542463  
0.00465194  -0.00125784  -0.000298464  
0.00414799  0.00116196  0.00160046  
0.00631393  -0.00154081  0.00226986  
0.00608327  -0.000258733  0.00156073  
0.00383764  0.000256999  0.000149683  
0.00424167  4.66915e-05  -0.000677925  
0.00522195  -0.00024794  0.00187283  
0.0038963  -6.28198e-05  0.000497574  
0.0113525  0.00487287  -0.000711103  
0.00410876  -0.000931176  0.00263913  
0.00314915  -0.000325925  0.0027772  
0.00371456  -0.000432052  -0.000246909  
0.00348872  -0.000269639  -0.00197701  
0.0040378  -0.000160739  0.00046513  
0.00460431  -1.44261e-05  -0.000229675  
0.0034408  0.000496618  -0.000330138  
0.0025671  0.000589599  -0.00154518  
0.00292456  0.000474535  -0.000370269  
0.0031221  0.000330422  0.000227206  
0.00252803  -0.00067963  0.00171959  
0.00556197  -0.00230288  0.00495566  
0.00739257  0.00515438  0.00585759  
0.00441711  -0.00145723  0.00229707  
0.00218225  -0.000543176  0.000715324  
0.00162146  -0.00305429  0.00100667  
0.00277996  -0.000734098  0.00149088  
0.00614677  -4.00126e-06  0.00415112  
0.00393825  -0.000558436  -0.000191969  
0.00384298  -1.3116e-05  -0.00199011  
0.00343983  9.0907e-05  0.00144018  
0.00403333  0.00134207  0.000391962  
0.00249252  0.00128464  7.76598e-05  
0.00206673  0.000395853  -1.42746e-05  
0.00214203  0.000548604  -0.00236304  
0.00272745  -7.59361e-05  0.00192045  
0.00434364  -0.00121694  0.00111744  
0.00402542  -4.46442e-05  0.000446496  
0.00321637  -0.00220342  0.000940249  
0.00362484  -0.00165541  0.000251379  
0.00398989  -0.00243436  0.00112986  
0.00391265  -0.00107368  -0.000462596  
0.00402957  -0.0016952  -0.000291395  
0.00339099  -0.00110444  0.000747533  
0.00333172  -0.00138779  0.000250156  
0.00330353  -0.0011872  0.00305311  
0.00283294  -0.000373978  0.00228481  
0.00359446  -0.000417603  0.000499906  
0.0033885  -0.000350933  0.00102739  
0.00410056  -0.000651501  -0.00167824  
0.00387592  -0.000204636  -0.000303951  
0.00274239  0.000275534  0.00258078  
0.00362747  0.00256119  0.000740041  
0.00452441  0.00249434  0.00164423  
0.00248789  0.00135791  0.00175783  
0.00236947  -0.000439635  0.00247153  
0.00349797  -0.000112501  0.000955762  
0.00354468  -0.000864363  0.00129137  
0.00428634  -0.00102245  0.000290874  
0.004391  8.16175e-05  0.000244203  
0.00381202  -0.000956559  0.0012574  
0.00374222  -0.0010663  0.00200348  
0.00313035  -0.000440102  0.00246178  
0.00451621  -0.000631043  -0.000119854  
0.00412015  -0.00231452  0.00115035  
0.00499452  -0.00251142  -0.000525335  
0.00394394  -0.00146913  -0.00211445  
0.00337115  -0.000188171  0.00129881  
0.00410423  0.000471836  0.0020797  
0.00446805  0.000770702  -0.00163201  
0.00533001  -0.00054923  0.00175687  
0.00655934  -0.000461145  -0.000258952  
0.00484571  -0.000615861  -0.000819348  
0.00370692  -0.000189222  0.00153584  
0.00414069  0.00043801  -0.00430217  
0.00230838  0.000342719  0.00283978  
0.00376403  0.00132343  0.000485123  
0.00399537  -0.000143259  0.00137233  
0.00412505  -0.00160976  0.000173541  
0.00510924  -0.000696471  0.00036982  
0.00489733  0.000326135  -0.000706876  
0.0045967  1.69418e-06  -0.000164159  
0.00374534  -5.88832e-05  -0.0005263  
0.00395576  4.65202e-05  0.000952447  
0.00416545  -0.00117495  0.000101949  
0.00399766  -0.00036073  0.00206075  
0.00440558  -0.000236276  0.00126245  
0.0039913  -0.00108487  -5.92503e-05  
0.0043655  -0.000568229  -0.000577044  
0.00403163  0.000476208  1.84699e-05  
0.00299584  0.00168415  0.00190731  
-0.00346809  0.00352729  0.017106  
0.0023545  0.000351854  0.00239027  
0.00321406  -1.84373e-05  0.000252627  
0.0048311  -0.000333697  -0.00147546  
0.000909858  -0.000393406  0.00417103  
0.00360386  -6.79039e-05  0.00158353  
0.00199962  -0.000164926  0.00174868  
0.00118815  -0.000341511  0.0021335  
0.00366448  -0.000745456  0.00391004  
0.00691618  0.000397578  0.00441943  
