0.00422387  -0.000131338  -0.000404819  
0.00191691  0.00128389  0.00143441  
0.00656741  -0.00183464  -0.00152796  
0.00274146  -0.00124924  0.00185857  
0.0099888  -0.00129555  -0.00409737  
0.00401527  -0.00109048  0.000740328  
0.000478426  0.000667955  0.000762104  
-0.00245196  0.00497851  -0.000692812  
0.00157653  0.000131335  0.000891944  
4.40243e-05  0.00214646  -0.00039327  
0.00215427  -0.000492869  0.00140511  
0.00652581  -0.00236714  -0.000534812  
-0.00141089  0.00465974  -0.000104287  
0.0032776  -0.000946271  0.00140272  
0.00339375  -0.000277793  0.00225721  
0.00389517  -0.00282638  0.00193836  
-0.000429557  0.00179341  -0.00222619  
-0.00224516  0.00379851  -0.00203079  
0.00326261  -0.00117391  0.00152335  
0.00146191  0.00158752  0.000526869  
0.00114621  0.00075057  0.000243491  
-0.0032966  0.00342495  -0.00459705  
0.00309188  -7.7173e-05  0.00160177  
-0.00225176  0.00237515  -0.00512413  
0.00115149  0.0022758  -3.71985e-05  
-0.000199001  0.00343568  -0.00114931  
0.00333053  -0.00112827  0.00173686  
0.00450506  -0.00199041  0.000138297  
0.00244845  -0.000658232  0.00124289  
-0.00193199  0.00322149  -0.00319805  
0.000645626  0.00190894  -0.000362762  
0.00429528  2.59279e-05  0.00135416  
-0.00117103  0.0026781  -0.00244246  
-0.000402355  0.000849577  -0.00143653  
0.00242356  -0.00118707  4.29327e-05  
0.0010901  0.000266791  0.00237595  
-0.00234685  0.00366293  -0.00285906  
-0.00269186  0.00321817  -0.00407908  
0.00575081  -0.00241503  -0.000100645  
-0.00222102  0.00332884  -0.00314003  
0.000709656  0.00308789  -0.000827547  
0.00225668  -0.00123563  0.000779845  
-0.000459519  0.00388278  0.00115397  
0.00255424  -0.00233981  0.00199124  
0.0018694  0.000391801  0.00340726  
0.000327373  0.000970415  2.39458e-05  
0.00143889  0.00126118  0.00188098  
0.00107714  0.000925546  0.000261375  
0.000764269  0.000512433  0.000149196  
0.00289084  0.00341272  -0.000258899  
0.00392886  0.000632567  0.00288513  
0.002899  -0.00131726  0.00314581  
-0.000121449  0.00409801  0.000582043  
0.00178846  0.000253723  -0.000301389  
0.00120153  -0.00532365  -0.0045316  
-0.00447039  0.00523761  -0.00336813  
-0.000829603  0.00449031  0.00184821  
-0.000708739  0.0026818  0.00179302  
-2.53724e-05  -0.00125912  -0.00104529  
0.00251502  0.00210054  0.000576629  
0.0122756  -0.0261686  -0.00810865  
0.00198548  -0.000163066  0.000368227  
0.00224493  -0.000381819  -0.00119794  
0.00235085  -1.7695e-05  0.000414293  
-0.000466312  0.00145093  -0.00429202  
0.00874193  -0.00533274  0.00368345  
-0.00164465  0.00290928  -0.00417083  
0.000684942  0.0023912  0.000646343  
0.00170865  2.34967e-05  0.00194756  
0.00363617  -0.00113162  0.00166393  
0.00667525  -0.00251224  0.0010989  
0.000638324  0.00144015  -0.000514211  
0.00196475  5.13418e-06  9.91427e-05  
0.00146972  0.00209952  0.00142463  
0.00426529  -0.00272626  0.00546134  
0.00197773  -0.000916712  -0.000806085  
-0.00201188  0.00260695  -0.00297347  
0.00245627  0.00103025  0.00111806  
0.00323809  -0.000394837  0.00167451  
0.000457234  0.000318799  0.00154105  
0.000508884  0.00271743  -0.000375252  
0.00317837  -0.000471801  0.00213408  
0.00386163  -0.00173806  0.000673336  
0.000458238  0.00230608  -0.00079477  
0.00524785  0.00174212  0.00732806  
0.000791374  0.00175049  -0.000687388  
-0.00360147  0.00532669  -0.00389522  
0.00851117  -0.0038105  0.00509629  
-0.00474023  0.00532601  -0.00471488  
0.00401527  -0.00109048  0.000740328  
0.000478426  0.000667955  0.000762104  
-0.00245196  0.00497851  -0.000692812  
0.00157653  0.000131335  0.000891944  
4.40243e-05  0.00214646  -0.00039327  
0.00215427  -0.000492869  0.00140511  
0.00652581  -0.00236714  -0.000534812  
-0.00141089  0.00465974  -0.000104287  
0.0032776  -0.000946271  0.00140272  
0.00339375  -0.000277793  0.00225721  
0.00389517  -0.00282638  0.00193836  
-0.000429557  0.00179341  -0.00222619  
-0.00224516  0.00379851  -0.00203079  
0.00326261  -0.00117391  0.00152335  
0.00146191  0.00158752  0.000526869  
0.00114621  0.00075057  0.000243491  
-0.0032966  0.00342495  -0.00459705  
0.00309188  -7.7173e-05  0.00160177  
-0.00225176  0.00237515  -0.00512413  
0.00115149  0.0022758  -3.71985e-05  
-0.000199001  0.00343568  -0.00114931  
0.00333053  -0.00112827  0.00173686  
0.00450506  -0.00199041  0.000138297  
0.00244845  -0.000658232  0.00124289  
-0.00193199  0.00322149  -0.00319805  
0.000645626  0.00190894  -0.000362762  
0.00429528  2.59279e-05  0.00135416  
-0.00117103  0.0026781  -0.00244246  
-0.000402355  0.000849577  -0.00143653  
0.00242356  -0.00118707  4.29327e-05  
0.0010901  0.000266791  0.00237595  
-0.00234685  0.00366293  -0.00285906  
-0.00269186  0.00321817  -0.00407908  
0.00575081  -0.00241503  -0.000100645  
-0.00222102  0.00332884  -0.00314003  
0.000709656  0.00308789  -0.000827547  
0.00225668  -0.00123563  0.000779845  
-0.000459519  0.00388278  0.00115397  
0.00255424  -0.00233981  0.00199124  
0.0018694  0.000391801  0.00340726  
0.000327373  0.000970415  2.39458e-05  
0.00143889  0.00126118  0.00188098  
0.00107714  0.000925546  0.000261375  
0.000764269  0.000512433  0.000149196  
0.00289084  0.00341272  -0.000258899  
0.00392886  0.000632567  0.00288513  
0.002899  -0.00131726  0.00314581  
-0.000121449  0.00409801  0.000582043  
0.00178846  0.000253723  -0.000301389  
0.00120153  -0.00532365  -0.0045316  
-0.00447039  0.00523761  -0.00336813  
-0.000829603  0.00449031  0.00184821  
-0.000708739  0.0026818  0.00179302  
-2.53724e-05  -0.00125912  -0.00104529  
0.00251502  0.00210054  0.000576629  
0.0122756  -0.0261686  -0.00810865  
0.00198548  -0.000163066  0.000368227  
0.00224493  -0.000381819  -0.00119794  
0.00235085  -1.7695e-05  0.000414293  
-0.000466312  0.00145093  -0.00429202  
0.00874193  -0.00533274  0.00368345  
-0.00164465  0.00290928  -0.00417083  
0.000684942  0.0023912  0.000646343  
0.00170865  2.34967e-05  0.00194756  
0.00238819  0.00132771  -0.00279039  
0.0024174  -0.000238769  0.000217524  
0.00629686  -0.00392181  0.00235371  
0.00165921  0.00102619  -0.000853774  
0.000345939  0.00368683  0.000863128  
0.00388464  -0.000855261  0.00132896  
0.00260959  0.0010356  0.00175758  
-7.99455e-06  0.00249306  -4.85652e-05  
-0.00263445  0.004582  -0.00359019  
0.00310163  0.00178656  0.00290538  
-0.00263549  0.00508723  -0.00185675  
-0.000276375  0.00261464  -0.000206217  
0.00019819  0.00125189  0.000993743  
0.000296143  0.00168042  0.00269373  
0.0011882  0.00168949  0.0002765  
-0.000625638  0.00337849  -0.000830388  
0.00121917  0.00140813  0.000540838  
0.00093915  0.00199436  -0.00224066  
0.00307795  -3.28092e-06  -9.78134e-05  
0.00363617  -0.00113162  0.00166393  
0.00363617  -0.00113162  0.00166393  
0.00667525  -0.00251224  0.0010989  
0.000638324  0.00144015  -0.000514211  
0.00363617  -0.00113162  0.00166393  
0.00667525  -0.00251224  0.0010989  
0.000638324  0.00144015  -0.000514211  
0.00196475  5.13418e-06  9.91427e-05  
0.00146972  0.00209952  0.00142463  
0.00426529  -0.00272626  0.00546134  
0.00197773  -0.000916712  -0.000806085  
-0.00201188  0.00260695  -0.00297347  
0.00245627  0.00103025  0.00111806  
0.00323809  -0.000394837  0.00167451  
0.000457234  0.000318799  0.00154105  
0.000508884  0.00271743  -0.000375252  
0.00317837  -0.000471801  0.00213408  
0.00386163  -0.00173806  0.000673336  
0.000458238  0.00230608  -0.00079477  
0.00524785  0.00174212  0.00732806  
0.000791374  0.00175049  -0.000687388  
-0.00360147  0.00532669  -0.00389522  
0.00851117  -0.0038105  0.00509629  
-0.00474023  0.00532601  -0.00471488  
0.00401527  -0.00109048  0.000740328  
0.000478426  0.000667955  0.000762104  
-0.00245196  0.00497851  -0.000692812  
0.00157653  0.000131335  0.000891944  
4.40243e-05  0.00214646  -0.00039327  
0.00215427  -0.000492869  0.00140511  
0.00652581  -0.00236714  -0.000534812  
-0.00141089  0.00465974  -0.000104287  
0.0032776  -0.000946271  0.00140272  
0.00339375  -0.000277793  0.00225721  
0.00389517  -0.00282638  0.00193836  
-0.000429557  0.00179341  -0.00222619  
-0.00224516  0.00379851  -0.00203079  
0.00326261  -0.00117391  0.00152335  
0.00146191  0.00158752  0.000526869  
0.00114621  0.00075057  0.000243491  
-0.0032966  0.00342495  -0.00459705  
0.00309188  -7.7173e-05  0.00160177  
-0.00225176  0.00237515  -0.00512413  
0.00115149  0.0022758  -3.71985e-05  
-0.000199001  0.00343568  -0.00114931  
0.00333053  -0.00112827  0.00173686  
0.00450506  -0.00199041  0.000138297  
0.00244845  -0.000658232  0.00124289  
-0.00193199  0.00322149  -0.00319805  
0.000645626  0.00190894  -0.000362762  
0.00429528  2.59279e-05  0.00135416  
-0.00117103  0.0026781  -0.00244246  
-0.000402355  0.000849577  -0.00143653  
0.00242356  -0.00118707  4.29327e-05  
0.0010901  0.000266791  0.00237595  
-0.00234685  0.00366293  -0.00285906  
-0.00269186  0.00321817  -0.00407908  
0.00575081  -0.00241503  -0.000100645  
-0.00222102  0.00332884  -0.00314003  
0.000709656  0.00308789  -0.000827547  
0.00225668  -0.00123563  0.000779845  
-0.000459519  0.00388278  0.00115397  
0.00255424  -0.00233981  0.00199124  
0.0018694  0.000391801  0.00340726  
0.000327373  0.000970415  2.39458e-05  
0.00143889  0.00126118  0.00188098  
0.00107714  0.000925546  0.000261375  
0.000764269  0.000512433  0.000149196  
0.00289084  0.00341272  -0.000258899  
0.00392886  0.000632567  0.00288513  
0.002899  -0.00131726  0.00314581  
-0.000121449  0.00409801  0.000582043  
0.00178846  0.000253723  -0.000301389  
0.00120153  -0.00532365  -0.0045316  
-0.00447039  0.00523761  -0.00336813  
-0.000829603  0.00449031  0.00184821  
-0.000708739  0.0026818  0.00179302  
-2.53724e-05  -0.00125912  -0.00104529  
0.00251502  0.00210054  0.000576629  
0.0122756  -0.0261686  -0.00810865  
0.00198548  -0.000163066  0.000368227  
0.00224493  -0.000381819  -0.00119794  
0.00235085  -1.7695e-05  0.000414293  
-0.000466312  0.00145093  -0.00429202  
0.00874193  -0.00533274  0.00368345  
-0.00164465  0.00290928  -0.00417083  
0.000684942  0.0023912  0.000646343  
0.00170865  2.34967e-05  0.00194756  
0.00238819  0.00132771  -0.00279039  
0.0024174  -0.000238769  0.000217524  
0.00629686  -0.00392181  0.00235371  
0.00165921  0.00102619  -0.000853774  
0.000345939  0.00368683  0.000863128  
0.00388464  -0.000855261  0.00132896  
0.00260959  0.0010356  0.00175758  
-7.99455e-06  0.00249306  -4.85652e-05  
-0.00263445  0.004582  -0.00359019  
0.00310163  0.00178656  0.00290538  
-0.00263549  0.00508723  -0.00185675  
-0.000276375  0.00261464  -0.000206217  
0.00019819  0.00125189  0.000993743  
0.000296143  0.00168042  0.00269373  
0.0011882  0.00168949  0.0002765  
-0.000625638  0.00337849  -0.000830388  
0.00121917  0.00140813  0.000540838  
0.00093915  0.00199436  -0.00224066  
0.00307795  -3.28092e-06  -9.78134e-05  
0.000155128  0.00123736  -0.00121296  
-0.00062435  0.00281565  -0.00106721  
-0.000841632  0.00276649  -0.000292167  
-0.000348764  3.56375e-05  0.00165173  
0.00208236  0.00122069  0.0039798  
0.00143736  -0.00211578  -0.000797731  
0.00318007  -0.000270411  0.00337716  
-2.89828e-05  0.00111749  0.000700467  
-0.0123245  0.00979392  -0.00335441  
1.27706e-05  0.00175095  0.00174101  
-0.000178076  0.00310133  -0.00184591  
-0.000331303  0.00356204  -0.00265117  
-0.000705631  0.00282033  -0.00373571  
0.00363617  -0.00113162  0.00166393  
0.00667525  -0.00251224  0.0010989  
0.000638324  0.00144015  -0.000514211  
0.00196475  5.13418e-06  9.91427e-05  
0.00146972  0.00209952  0.00142463  
0.00426529  -0.00272626  0.00546134  
0.00197773  -0.000916712  -0.000806085  
-0.00201188  0.00260695  -0.00297347  
0.00245627  0.00103025  0.00111806  
0.00323809  -0.000394837  0.00167451  
0.000457234  0.000318799  0.00154105  
0.00363617  -0.00113162  0.00166393  
0.00363617  -0.00113162  0.00166393  
0.00667525  -0.00251224  0.0010989  
0.000638324  0.00144015  -0.000514211  
0.00196475  5.13418e-06  9.91427e-05  
0.000400277  0.00218299  -0.000616299  
0.00720197  -0.00285308  0.00110505  
0.00206182  0.000668517  0.00116335  
0.00196475  5.13418e-06  9.91427e-05  
0.00146972  0.00209952  0.00142463  
0.000400277  0.00218299  -0.000616299  
0.000400277  0.00218299  -0.000616299  
0.000400277  0.00218299  -0.000616299  
0.00720197  -0.00285308  0.00110505  
0.00206182  0.000668517  0.00116335  
0.00196475  5.13418e-06  9.91427e-05  
0.000400277  0.00218299  -0.000616299  
0.00720197  -0.00285308  0.00110505  
0.00206182  0.000668517  0.00116335  
0.00196475  5.13418e-06  9.91427e-05  
0.000400277  0.00218299  -0.000616299  
0.00720197  -0.00285308  0.00110505  
0.000400277  0.00218299  -0.000616299  
0.00720197  -0.00285308  0.00110505  
0.00329862  0.000559884  -0.000693049  
0.00181171  0.00026548  0.000406591  
0.00439137  -0.000684932  -0.000316244  
0.00224724  0.000667612  -0.00262273  
0.00389766  0.000407558  0.000476931  
0.0024771  -0.000732291  0.00255095  
0.00116777  0.000855465  -0.00351583  
0.00142195  0.000126537  -0.00334619  
0.002899  -0.000322163  -0.00326824  
0.00377304  0.000464902  -0.00130287  
0.00308001  -0.000473836  -0.000460113  
0.00329422  0.000747212  -0.00150504  
0.00330774  0.000516947  -0.000426531  
0.00329618  -0.000357162  -0.00263875  
0.00242907  0.000810762  -0.00214043  
5.90214  -1.47152  1.59558  
0.00325328  0.000893447  -0.00210404  
0.00277347  0.000586624  -0.00145298  
0.00341444  0.000861419  -0.000797915  
0.00113117  0.000941872  -0.00310393  
0.00322461  0.000707825  -0.00220351  
0.00174104  4.42325e-05  -0.00133574  
0.00258935  0.000153825  -0.000742097  
0.00290706  -0.000109218  -0.00123428  
0.00303461  0.0012092  -0.0006001  
0.00247249  0.000586262  -0.00147156  
0.00262247  0.000555116  -0.00139269  
0.00193066  0.00200157  -0.000848258  
0.00278652  0.00063283  -0.00184994  
0.00353017  0.000501664  -0.000337938  
0.0030808  0.000220092  -0.00097158  
0.00248281  0.00093035  -0.00271327  
0.000964128  0.00150791  -0.00302237  
0.00269611  0.000686384  -0.00209405  
0.00369049  0.000386821  -0.00131806  
0.00198713  0.000747289  -0.00273273  
0.00055731  0.00253487  -0.0036816  
0.00314521  0.000790051  -0.00111398  
0.000500665  0.00120034  -0.0063839  
0.00336788  0.00067999  -0.00185749  
0.00312444  0.000501668  -0.00170736  
0.00287195  0.000523546  -0.00118556  
0.00253421  0.000749488  -0.00244133  
0.00279954  -0.00075702  -0.00146594  
0.0006137  0.00136974  -0.00515186  
0.00285398  0.000653984  -0.00164097  
0.00382737  7.64739e-05  -0.0014142  
0.00313064  -0.000539585  -0.00231483  
0.00114965  0.000699533  -0.00314097  
2.54142  1.41916  0.450763  
0.00256873  -1.65648e-05  8.72815e-05  
0.00309239  0.000271794  -0.00107364  
0.00187924  0.000676863  -0.00335443  
0.00266902  0.000565021  -0.00146475  
0.00204834  0.000415902  -0.00286121  
0.0041388  0.000221089  -0.00120777  
0.0026061  0.00108702  -0.00102017  
0.00265103  0.00195263  0.000913222  
0.0047874  -0.000685074  0.00220718  
0.00463023  -0.000458136  0.00306739  
0.00176608  -0.000203251  -0.00232868  
0.00366711  -0.000121668  0.00082926  
0.00339665  -0.000510338  -0.00161748  
0.00177807  0.000905548  -0.00257375  
0.00509447  0.000914612  0.000237332  
0.0049356  -0.000126261  0.000952768  
0.00305915  -0.000186075  0.000545502  
0.00296625  0.00143398  -0.000236217  
0.00435583  -0.000482837  -0.000838721  
0.00364152  -0.00103813  -0.0025638  
-0.00121835  0.00310311  -0.00390515  
0.00124752  0.00296883  0.000541721  
0.0016277  0.00103409  0.000844676  
0.00115567  -0.00187454  -0.00394613  
0.00772988  -0.00265096  0.00132121  
0.0042814  -0.00404005  -0.00762525  
0.00398693  -0.00114499  -0.000928178  
0.00219115  0.000840191  -0.00391255  
0.00469884  -0.00202328  -0.000161852  
0.00200338  -0.000385658  -0.00523131  
0.00455925  0.00118037  -0.00134661  
0.00123896  0.00099767  -0.004316  
0.00236566  8.23477e-05  -0.00191484  
0.00154303  6.21658e-05  -0.00201204  
0.00390782  0.00138241  -0.00279745  
