0.00410793  0.000168245  0.00285391  
0.0052492  -0.00163388  0.00388166  
0.00475125  -0.00187764  0.00384911  
0.00878187  -0.0041444  0.00684584  
0.00834415  -0.0042301  0.00884912  
0.00600563  -0.00158325  0.00516228  
0.00860708  -0.00122265  -0.0017023  
0.00640072  -0.00379337  0.00686278  
0.00784856  -0.00404939  0.0061799  
0.0103807  -0.00336375  0.00270967  
0.00641469  -0.00294954  0.00434207  
0.001847  0.00164665  0.000649993  
0.00441899  -0.00122692  0.00350994  
0.00921221  -0.00488584  0.0101884  
0.00313897  -0.000716702  0.00101805  
0.00561364  -0.000926216  0.000304931  
0.167403  -0.363328  -0.0105594  
0.00545445  -0.00202211  0.00540657  
0.0093356  -0.00450261  0.0103939  
0.0047077  -0.00106009  0.00394729  
0.00385687  -9.39608e-05  -0.000123832  
0.00238987  0.00136104  0.000607239  
0.00601994  -0.00371495  0.00537738  
0.00260519  0.00101756  0.00319197  
0.00731301  -0.00264596  0.00667833  
0.00313765  0.00270141  0.00201407  
0.00264982  -0.000279578  -0.000488152  
0.00520147  -0.00146825  0.00462581  
0.00260625  0.000515847  0.00135876  
0.00731696  -0.00389064  0.00890613  
0.00417598  -0.00215367  0.00383047  
0.00164743  -0.00196975  -0.000443422  
-0.0036035  -0.000653711  -0.00854559  
0.00630922  -0.00230252  0.00529695  
0.0040617  -0.00095917  0.000797545  
0.00248387  0.00107898  -0.000454846  
0.00644171  -0.00256929  0.00444627  
0.00945566  -0.00188656  8.30292e-05  
0.00311469  5.93643e-05  -0.000498381  
0.00352513  0.000460144  0.00199255  
0.00445391  -0.00178778  0.00426869  
0.00457267  -0.00172027  0.00422898  
0.00301774  -0.00182059  0.00188112  
0.00258115  -6.98719e-05  -5.55475e-05  
-0.00045045  -0.000419413  -0.00238596  
0.00593924  -0.00250477  0.00486039  
0.000445298  0.00149118  -0.00133498  
0.00515241  -0.0015207  0.00214133  
0.00649435  -0.00288589  0.00631023  
0.000595307  0.00188671  -0.000668339  
0.00158537  0.00139968  -0.000549954  
0.00194574  0.00183665  -0.000168536  
0.00520901  -0.00124169  0.00295555  
0.005118  -0.00109938  0.00453819  
0.00252752  -0.000101935  0.00118849  
0.00389179  -0.000432208  0.00274594  
0.00503547  -0.00128863  0.00465197  
0.00192738  0.00137612  0.00114177  
0.00235794  0.00154379  0.00129391  
0.00267571  0.00109072  0.00128327  
-0.000320022  0.00245253  -0.00153194  
0.0023146  0.000904895  -0.000146612  
0.000546768  0.000485646  -0.00288619  
0.0059624  -0.00144964  0.00337482  
0.00273734  0.000640435  -6.5541e-05  
0.00328634  0.00016629  0.00262331  
0.00451884  -0.001448  0.00292709  
0.00634437  0.00125612  0.0107607  
0.00211822  0.000894432  0.00039705  
0.00170462  0.000984378  -0.000641218  
0.00415205  -0.00171273  0.000130813  
0.00251984  0.000737006  0.000484031  
0.00486086  -0.00208772  0.00415427  
0.00363782  -0.00208367  -0.00155858  
0.00552166  -0.0024646  0.00349043  
0.00575494  -0.0022016  0.00446343  
0.00622401  -0.0015725  0.00425441  
0.0051507  -0.000136051  0.00218992  
6.92062e-05  0.00170622  -0.00205329  
-0.00098725  0.00246442  -0.00136823  
0.00641091  -0.00259937  0.00454061  
0.00743509  -0.00200488  0.00177099  
0.00331437  -0.000261127  0.00122016  
0.00416468  -0.00132361  0.00242913  
0.003415  0.000644711  0.00275474  
0.00586439  -0.00321001  0.00735432  
0.218581  -0.30466  0.409762  
0.00105795  0.00101249  -0.00169226  
0.00443308  -9.26348e-05  0.00285399  
0.00512395  -0.00141447  0.00312291  
-0.00585048  0.00437732  -0.0100587  
0.00300997  0.000438226  0.000821254  
0.00494812  -0.00133473  0.00369908  
0.00642513  -0.00295146  0.00290221  
0.00562692  -0.00203499  0.00367199  
0.00584212  0.00237814  0.00998449  
0.00312976  0.000269565  0.000756966  
0.0049573  -0.00171118  0.00324662  
0.00870433  -0.00363376  0.00677283  
-0.000912732  0.00283002  -0.00364658  
0.00568284  -0.00181689  0.00267315  
0.00278958  -0.000301313  0.00228239  
0.00512167  -0.00210955  0.00392225  
0.00374288  -0.000869337  0.00267555  
0.00245484  0.000655879  0.000779319  
0.00582716  -0.00251958  0.00488142  
0.00493792  -0.00166747  0.00316708  
0.00138794  0.00231778  0.000959743  
0.0051834  -0.00182301  0.00333408  
0.00545148  -0.00234251  0.00345594  
0.0057293  -0.00329898  0.00400953  
0.00434759  -0.00117809  0.00208611  
0.000900751  0.00164573  -0.000768867  
0.00516635  -0.0020615  0.00349005  
0.00354084  0.000196226  0.00206377  
0.00344752  -0.000421037  0.00193919  
0.000607434  0.000750289  -0.00307033  
0.00505595  -0.00130688  0.00341246  
0.00560282  -0.00215305  0.00273497  
0.00557369  -0.00111144  0.00400227  
0.00443267  -0.000938131  0.00262039  
0.00519218  -0.00168405  0.00323653  
0.00444434  -0.00128319  0.00200279  
0.0059989  -0.0028818  0.00345227  
0.00120144  0.00143621  -0.00168759  
0.0030205  0.000558271  0.00103195  
0.00541988  0.000110773  0.00262937  
0.00338388  -0.00231249  -0.000997136  
0.00245339  -0.000208671  0.000185124  
0.00427316  -0.00179734  0.00173128  
0.0038982  -0.00129238  0.00407572  
0.00546214  -0.00239712  0.00411716  
0.00307486  -0.000807577  0.000124301  
0.00602709  -0.00204105  0.00313617  
0.00111477  0.00100222  -0.00170107  
0.00289866  0.0012671  0.000305597  
0.00468314  -0.00143499  0.0042516  
0.00358632  -0.000530838  0.00304294  
0.00582302  -0.00364962  0.00568215  
0.00373113  -0.00108711  0.0046057  
0.00246008  0.000329627  0.00144304  
0.00347672  5.86087e-05  0.00331814  
0.00329259  9.66958e-06  0.00184688  
0.00367439  -0.000873052  0.00170781  
0.003785  0.00166114  0.00151878  
0.00518719  -0.000438402  0.00430605  
0.0060754  -0.00286387  0.00621532  
0.00236636  0.00188217  0.00171141  
0.00388311  -0.000959061  0.00107551  
0.00319334  -0.00130558  -0.00210616  
-0.00111739  0.00372275  -0.00192947  
0.00110549  0.00337505  0.00250631  
0.00157613  0.00117161  0.00313389  
0.00271347  -0.00236223  0.000638421  
0.00471809  -0.00041368  0.00139344  
0.00564328  -0.00650466  -0.00405961  
0.00392384  -0.00124344  0.00195962  
0.00397677  -0.00131346  0.000841817  
0.00289218  0.000540502  0.00228817  
0.00215156  0.000857922  -0.00291764  
0.00976558  -0.00519211  0.00630914  
0.00331746  -0.00274634  -0.000505909  
0.00243468  0.00166666  0.00223002  
0.00217504  0.000695857  0.00219565  
0.00503943  0.000623285  -0.00179878  
0.00447265  -0.00142163  0.00229782  
0.0069522  -0.00326944  0.00368873  
0.00363346  0.000209694  0.000321498  
0.00288596  0.00186954  0.00194482  
0.00575904  -0.00122504  0.00305646  
0.00431268  0.000826465  0.00317715  
0.00283233  0.000744387  0.000908427  
0.00131759  0.00171895  -0.00230902  
0.00438744  0.00183732  0.00576134  
0.00130724  0.0013661  -0.000800166  
0.00216339  0.000678734  0.00182981  
0.00527756  -0.00222236  0.00574419  
0.00203209  0.00145583  0.00485925  
0.00298069  0.00104175  0.0017059  
0.00264444  -0.00140483  -0.000879532  
0.00340539  0.000178173  0.00205991  
0.00591372  -0.00163674  0.00325022  
0.00386988  0.0011763  1.49329e-05  
0.00307071  -0.0017564  7.9243e-05  
0.0012827  0.00195185  -0.000401542  
0.00202566  0.000564706  0.00111586  
0.00125431  6.35542e-05  0.00239166  
0.00383478  -0.000698797  0.00523588  
0.00343716  -0.00317653  0.000560045  
0.00772316  -0.0049797  0.00803267  
0.00221739  -0.00016237  0.00177678  
-0.00598482  0.00453474  -0.00167136  
0.00372217  0.000223425  0.00167964  
0.00247014  0.00107918  -0.000452597  
0.00297735  0.00145493  0.00034062  
0.00251243  -0.000418425  -0.00276078  
0.00389237  -0.000685923  0.0030274  
0.00278631  0.00142864  -0.000409866  
0.00176512  0.00226344  0.00109826  
0.00186551  0.00100116  0.00102492  
0.00169046  0.00138167  0.0002564  
0.00313453  0.000100198  0.00289801  
0.0050332  -0.00210508  0.00371279  
0.00415384  -0.00450086  -0.00256213  
0.00254456  9.33713e-05  0.00253196  
0.00262972  -0.00131405  0.00101786  
0.00198846  -0.000420856  -3.60574e-06  
0.00292659  0.00093562  0.00122385  
0.00470027  -0.00919788  -0.0052818  
0.00236799  0.00134326  0.00251945  
0.00196899  0.000956931  0.00237055  
0.00283402  0.0012421  0.00465433  
0.00322099  -0.00191665  0.00246613  
0.00255473  0.00146686  0.00130149  
0.00243156  0.00139867  0.00304282  
0.00239331  0.00100833  -0.00172065  
0.00373812  0.00024704  0.00126214  
0.00487578  0.00122882  0.000495344  
0.0039927  0.00279486  0.00271797  
0.00164158  0.00359858  -0.000135971  
0.00175019  0.00121722  0.00101245  
0.00240916  -0.000268705  4.13669e-05  
0.0070023  -0.00313243  0.00456454  
0.00325308  -0.000398294  0.00358003  
0.00327405  0.000753674  0.00130876  
0.00299634  -0.0057326  0.00414851  
0.00396523  -0.00127874  0.00264985  
0.00407731  -0.00328859  0.0042979  
0.00285886  0.00106512  0.00305244  
0.00444558  0.000161739  0.00118973  
0.00302278  -0.00180968  0.00178467  
0.00461386  -0.00201326  0.00133524  
-0.00266784  0.0048659  -0.00383233  
0.00356734  0.00046367  0.00199146  
0.00753608  -0.00409932  0.00701708  
0.00695121  -0.00199474  0.000819717  
0.005694  -0.00709898  -0.00273783  
0.0053031  0.00113217  -0.00168509  
0.00489193  -0.00663817  -0.00452731  
0.00458154  -0.00592119  -0.00265398  
0.00395818  -0.00157595  -0.00286978  
0.00111747  0.00233811  0.00398665  
0.00318997  0.00244741  0.000619432  
0.00486213  -0.00637954  -0.00245157  
0.00458857  -0.00918153  -0.00479912  
0.00399046  0.0010178  0.00118829  
-0.000327294  0.00504479  -0.00371307  
0.0056241  -0.00145231  0.00197752  
0.00282698  0.00175623  0.00143137  
0.00314272  -6.61258e-05  0.00118121  
0.00486857  -0.00752478  -0.00404607  
0.00370495  -0.00483953  -0.000426436  
0.00527171  -0.00686248  -0.00303476  
0.00172409  0.000512191  -0.00156704  
0.00197577  0.00137459  -0.00191172  
0.00263584  -0.0019019  0.000914008  
0.00349356  -0.00290901  -0.00179658  
0.00162411  0.000859375  0.00165356  
0.00223751  0.000850752  0.00412711  
0.00101219  0.00255884  0.000663887  
0.00414444  -0.0115602  -0.00157112  
0.00423404  -0.00728479  -0.00304736  
0.00235566  0.00212075  0.00404872  
0.00141894  0.00124037  0.00260381  
0.0008428  0.000892392  0.00206289  
0.00176689  -0.00510691  0.0036093  
0.00259642  0.0009993  -0.000521787  
0.00236828  0.00230143  0.00180713  
0.00820309  -0.00269669  0.00283904  
0.000724944  -0.000682412  0.00360688  
-0.00011078  -0.0072112  -0.000965374  
0.00265546  -0.0105739  -0.00373211  
0.00378533  -0.00271028  -0.00320893  
0.00339988  -0.00103731  -0.00271728  
0.0114336  -0.0193129  0.00516076  
0.00505084  -0.00923543  -0.0036825  
0.00032068  0.0035425  0.00297398  
0.0144089  -0.0215886  0.0102042  
0.00663349  -0.0126105  0.00968828  
0.00272304  -0.00259907  0.00305235  
0.0168325  -0.0259727  0.00832975  
0.0172752  -0.0216798  0.00853912  
0.0173325  -0.0198446  0.00888582  
0.0162704  -0.0215531  0.0106987  
-0.000696505  -0.00645036  0.00527022  
-0.00417947  0.00118349  0.00148885  
-0.000290226  0.000887497  0.00268973  
0.00428264  0.00129869  0.000107091  
0.00208364  0.0166079  -0.0052031  
0.0066477  -0.00938665  -0.00482274  
0.00578405  -0.0112563  -0.00377797  
0.00145125  0.0018229  0.00567308  
0.00131614  0.00313132  0.00209381  
0.000255146  -0.0021276  8.89736e-05  
0.019992  -0.0265134  0.00860086  
0.0173352  -0.0261338  0.00454001  
0.00359349  0.0024442  -0.00199271  
0.00738645  -0.00274573  -0.00100929  
0.0103886  -0.00691222  -0.000319182  
0.00943608  -0.00388605  -0.000664199  
0.0247239  -0.0266166  0.00644234  
0.00358934  -0.000652682  -0.000136518  
0.000329694  -0.00524008  0.00254054  
0.0122759  -0.0146526  0.0137083  
0.0177166  -0.0244313  0.0141128  
0.00364469  0.00129514  0.00449612  
0.00978613  -0.0197543  0.00359716  
0.0179448  -0.0212726  0.00914972  
0.0103805  -0.0118896  0.00795773  
0.00404426  0.00938967  0.000660374  
-0.00343043  0.00401759  -0.00093576  
0.00569235  -0.00371243  0.0031737  
0.00149977  -0.0066054  0.0089052  
0.000405665  -0.00686297  -0.00287421  
0.0240192  -0.0244154  0.0109579  
0.00485218  -0.00324311  0.00188127  
0.00364475  0.00189736  0.00172276  
0.00961236  -0.0133178  0.00594018  
-0.00313547  -0.00170729  -0.00239842  
0.00156218  0.0014259  -0.00260992  
0.00340845  0.000201264  -0.00273536  
0.0039837  -0.00161778  -0.00123835  
0.00746991  -0.00948895  0.00666859  
-0.00491022  0.0222875  -0.00876296  
0.0181163  -0.0196124  0.00376799  
0.00167762  0.00354405  -0.00810007  
-0.000716512  0.000559843  -0.00978968  
0.0162856  -0.0168303  0.0024278  
0.0073523  0.000760175  -0.00381114  
0.0123446  -0.013483  0.0005968  
0.00304731  -0.00391104  0.00321607  
-0.00150507  -0.00424444  -0.00202984  
0.0161051  -0.0294522  0.00646354  
0.00366643  -0.00957767  -0.00103649  
-0.00133383  -0.0112088  -0.00599223  
0.022776  -0.0361532  0.00979586  
0.00408184  -0.00288557  1.70601e-05  
0.00442598  -0.00222471  0.00110397  
0.0095443  -0.0059199  0.00291746  
0.0146698  -0.0163552  0.00643815  
0.00114253  -0.0145221  -0.00792253  
-0.000938572  -0.00523861  -0.0039561  
0.0236171  -0.0384666  0.0179886  
0.024158  -0.0367936  0.0162788  
0.00723882  -0.00455198  -0.000773726  
0.00300239  -0.00430948  -0.00802187  
0.00696689  -0.00637111  -0.00275797  
-0.00178433  -0.00559206  -0.00830316  
0.0238252  -0.0308139  0.00986971  
0.00308009  0.00153943  0.00397469  
-0.0019326  0.00917142  0.00150593  
0.00391489  0.00498318  0.00187155  
0.00562779  -0.000165899  -0.00178993  
-0.00433544  0.000662854  -0.00664283  
0.004839  -0.00575178  0.00383261  
0.0308982  -0.0452136  0.0185722  
0.00507505  -0.00418219  -0.00299069  
0.0105813  -0.00411917  -0.000945062  
0.00142076  0.0044002  -0.0011765  
0.0203417  -0.0311566  0.0124201  
0.00897964  -0.00153158  0.00443538  
0.0060205  0.0023629  0.000418007  
0.0047266  0.00135316  0.000599608  
0.0053434  0.00389066  8.60383e-05  
0.00538364  0.00138023  0.000376598  
0.00433994  6.07329e-05  -0.000455303  
0.00467381  -0.0043645  0.00114667  
0.00661641  -0.00709116  -0.000275784  
0.00466053  -0.00366869  -0.000841044  
0.00360166  0.000562389  0.000331928  
0.00437953  -0.000881552  0.000324198  
0.00526092  -0.00122131  -0.000669363  
0.0041128  -0.00277538  0.00456162  
0.00263036  -0.0014427  0.00377434  
0.0184205  -0.033026  0.0115292  
0.00153088  0.00292807  6.53211e-05  
0.00299873  0.00294166  0.000302597  
0.00320286  0.00228574  0.00406059  
0.00315073  0.00227027  0.00355151  
0.000723771  0.00358124  0.000611647  
0.000288946  0.00163564  -0.00625221  
0.0211139  -0.0389933  0.0057027  
0.00147613  -0.0014317  -0.00752974  
0.00116689  0.000881273  -0.00399643  
0.00334596  0.000321887  -0.00220259  
0.000840617  0.000946204  -0.00594767  
-0.000126483  -0.00193065  -0.00491423  
0.000159471  0.000880311  -0.00126193  
0.00322589  0.00158298  -0.00168652  
0.00923753  0.00112265  0.00148168  
0.0112219  0.0019344  0.0026531  
0.00901377  0.00129941  0.00824418  
0.00976973  0.00131251  0.00851751  
0.00745711  0.00135327  0.00543023  
0.00913041  0.00068706  0.00429674  
0.00481153  -0.00037005  0.00291546  
0.00154018  -0.00134367  0.00156708  
-0.00218057  -0.000896151  -0.00100571  
-0.00629012  0.000277636  -0.00854611  
0.00146959  -0.00162955  -0.00540403  
0.00396336  -0.00503147  -0.00030485  
0.00277517  -0.00321273  -0.000731515  
0.00626701  -0.00277303  -0.00165702  
0.00617835  -0.00172638  -0.000880138  
0.0284061  -0.0395112  0.0157721  
0.00520968  -0.00873072  0.000644337  
0.00748237  -0.00427413  0.000103786  
0.0060393  -0.00541521  0.000951011  
0.00455904  -0.00201603  0.000391017  
0.00521561  -0.00330016  0.00166475  
0.00519327  -0.00408011  0.00325041  
0.00940386  -0.00731999  0.00324036  
0.00788081  -0.00569991  0.00149264  
0.00627413  -0.00479684  0.00139018  
0.00515376  -0.000519974  0.000693968  
0.00784357  -0.00473335  0.00138138  
0.00976294  -0.00720238  0.000800103  
0.00406522  -0.00399611  -0.0020872  
0.00852023  -0.0095138  0.00301775  
0.00688004  -0.00831678  0.00322826  
0.00319591  -0.00735089  0.00213396  
0.00325363  -0.00627968  -0.00202031  
0.00440001  -0.00730317  -0.0027617  
0.00333907  -0.00603689  -0.000391757  
0.00227913  -0.00260452  -0.000473142  
0.00270722  -0.000779312  -0.00445542  
0.008353  -0.00349688  0.000342585  
0.0100901  -0.00357363  0.00450014  
0.00812275  -0.000579685  0.00625732  
0.00946384  0.00113249  0.00571882  
0.00629047  0.00233838  0.00640963  
0.00917761  -0.00437826  0.00799991  
0.0064705  -0.00783583  0.00466361  
0.00552197  -0.00799072  0.00298021  
0.00158635  -0.00125593  -0.00168701  
0.00576228  -0.00449694  -0.0012957  
0.00451353  -0.00513861  0.00467905  
0.00837713  -0.00234264  0.00436511  
0.00597026  -0.00302156  0.00361111  
0.00432969  -0.00267836  0.00412681  
0.00227376  -0.00385725  -0.00200717  
0.00253209  -0.00417239  0.00039664  
0.00303791  -0.00404652  0.000637713  
0.00289711  -0.00272891  -0.00140365  
0.00482683  -0.00413267  0.001413  
0.00457433  -0.00336473  0.000372707  
0.00381376  -0.00268409  -0.000622992  
0.00466809  -0.00273298  -0.000239884  
0.00459856  -0.00112535  -0.00162083  
0.00262165  0.000316446  -0.000655081  
0.00441035  -0.00336072  0.00164187  
0.00663737  -0.00147859  0.0013707  
0.00558964  -0.00316199  -0.000190393  
0.00581106  -0.00195477  0.000695103  
0.00444582  -0.000682584  -0.000310406  
0.00584891  -0.00313311  -0.000106006  
0.00564181  -0.00433286  0.00209479  
0.00486034  -0.00320132  0.000174038  
0.00630884  -0.00305621  -0.000376851  
0.00559757  -0.00700523  0.00101848  
0.00485778  -0.00416751  -0.00363055  
0.00288948  -0.00508019  -0.00111869  
0.0032593  -0.00128111  -0.00361477  
0.00677238  0.000299719  -0.00171214  
0.00728686  -0.000992221  0.00265394  
0.00656634  -0.000506845  0.00347553  
0.00572514  -0.00279774  0.00308334  
0.00615359  0.00192092  0.000183772  
0.00527741  0.00180308  0.00230657  
0.00489176  0.00264882  0.000297418  
0.00612713  0.000338011  0.00302384  
0.0049152  0.00203558  0.00239879  
0.00703391  -0.000395433  0.00108935  
0.00694284  -0.00198837  0.00242782  
0.0049105  -0.00455109  0.00225814  
0.00536609  -0.00168293  -0.000522851  
0.00605231  -0.000449362  0.00195073  
0.00537011  0.0036954  0.00124764  
0.00658763  0.000692018  -0.00023991  
0.00429912  -0.00587358  -0.00115054  
0.00411789  -0.0107006  -0.000931772  
0.00246463  -0.00698891  -0.00441444  
0.00416988  -0.00656806  -0.00279078  
0.008266  -0.00332667  0.00102319  
0.0111043  -0.00208704  0.00236705  
0.0111846  -0.000523782  0.00372953  
0.00747251  0.000337912  0.00230039  
0.00570869  0.00155663  -0.00109686  
0.00794212  0.000604633  -0.000587213  
0.0105368  0.00160105  0.00242637  
0.0111922  0.000408011  0.00467628  
0.0112991  -0.00145099  0.00219132  
0.0112088  -0.00519429  0.00404728  
0.0064213  -0.00293271  0.00057312  
0.00437194  0.00144251  -0.00234802  
0.00614567  -0.0010694  0.00211402  
0.00598951  -0.00434336  0.00431395  
0.00714643  -0.00555693  0.00708488  
0.00856217  -0.00530441  0.0106811  
0.00888887  -0.00710822  0.0128479  
0.0067887  -0.00260623  0.00675946  
0.00384605  0.00131474  0.00312887  
0.0021403  0.00154234  0.00385624  
0.0055801  0.00221455  0.00299712  
0.0041253  0.000968435  0.00600986  
-0.00313919  -0.000388244  0.00832608  
0.000720554  0.00387593  -0.000533511  
0.00553473  0.00416059  -0.00286594  
0.00786278  0.00216343  -0.0122937  
0.00711028  -0.000578849  -0.01792  
0.00588073  -0.00051537  -0.0232874  
0.0103075  -0.00062409  -0.0229479  
0.0123967  -0.00295647  -0.0151935  
0.0102882  -0.00278129  -0.00464499  
0.008811  -0.00724619  0.0100668  
0.00788202  -0.0122028  0.0265967  
0.00667259  -0.00964304  0.0279056  
0.00709517  -0.008651  0.020832  
0.00547086  -0.00461805  0.00796394  
0.00544263  -0.000202209  -0.00521817  
0.0062207  0.00387202  -0.013305  
0.00844564  0.00153077  -0.0130684  
0.00794063  -0.00320767  -0.0104694  
0.00812445  -0.00553998  -0.0118169  
0.00855149  -0.00684112  -0.0056768  
0.00413088  -0.0134269  0.028526  
0.00987148  -0.00296918  0.00125242  
0.0050008  -0.00707136  -0.00244253  
-7.91823e-05  -0.0178191  0.041991  
-0.00141613  -0.0199532  0.0405292  
0.138451  0.214856  0.25281  
0.00455884  -0.0177956  0.0364589  
-0.000850841  -0.016549  0.0486284  
0.000763954  -0.0153837  0.0428584  
0.00142649  -0.0146532  0.0383791  
-0.00206425  -0.012893  0.0199677  
0.000961879  -0.00612206  -0.000361593  
0.00331545  -0.00205241  -0.016942  
-0.0026128  -0.0155291  0.0505172  
0.00831555  -0.00293145  -0.00279339  
0.00591559  -0.00685504  0.0073694  
0.00509253  -0.00843891  0.00989486  
-1.24379  2.2146  -2.12184  
0.00807415  -0.00408842  -0.00315126  
0.00136657  -0.0124993  0.023693  
0.0041558  -0.00758281  0.00674537  
0.00408355  -0.00546539  0.0058284  
-3.15281  -10.7847  -5.6378  
0.00415579  -0.0033665  0.00451138  
0.00384801  -0.00614649  0.0114151  
-0.000936626  -0.101952  0.127607  
0.00554081  -0.00752537  0.00769534  
0.00521368  -0.00934843  0.0167056  
0.00611099  -0.00796096  0.00979573  
0.00600542  -0.00893682  0.0125657  
0.00537807  -0.00824802  0.00995339  
0.00513593  -0.00650435  0.00904922  
0.00597254  -0.00422174  0.0057956  
0.00604125  -0.00557506  0.00538269  
0.00495495  -0.00598057  0.00624982  
0.00485009  -0.0062002  0.00935256  
1.14781  -0.00402757  -0.102752  
0.00287958  -0.00631082  0.012627  
0.00402072  -0.00451184  0.0101012  
0.00460477  -0.00557166  0.00736299  
0.00584199  -0.00586561  0.00754447  
0.00472384  -0.00602505  0.00873228  
0.0045206  -0.00732769  0.0111697  
0.00495383  -0.00785716  0.01182  
0.00701331  -0.00528362  0.00502327  
0.00718374  -0.00561896  0.0061689  
0.00499583  -0.00610865  0.0120188  
0.0049996  -0.00620798  0.00927489  
0.00449701  -0.0062735  0.00864505  
0.00339094  -0.00708834  0.00966322  
0.00472827  -0.00633685  0.00650396  
0.00442093  -0.00683536  0.0127464  
0.00529583  0.000301175  0.00155872  
0.0049719  -0.00609049  0.0117533  
0.00478019  -0.00601812  0.00945347  
0.00496002  -0.000377174  0.00106684  
0.00643145  -0.00633574  0.0046295  
0.00638086  -0.0034223  -0.00174215  
0.00530228  -0.00346189  0.00529592  
0.00185446  0.00169037  0.0515819  
0.0075085  -0.00203956  -0.00580993  
0.00849316  -0.00262514  -0.00765079  
0.00744983  -0.00349237  -0.00457622  
0.00874694  -0.00324377  -0.00797783  
-1.57398  -3.47797  0.133814  
