-0.00276568  -0.00238992  -0.0328938  
0.00293147  0.00570175  -0.0510849  
0.00485775  0.00564106  -0.0459281  
0.0116738  0.0194238  -0.0502994  
0.0118923  0.0180735  -0.0573703  
0.00305283  0.010297  -0.0484933  
0.00467316  0.025101  -0.00798618  
0.01096  0.0169339  -0.0583751  
0.0114762  0.0216196  -0.0542406  
0.0119781  0.0311018  -0.00804144  
0.00852705  0.0164587  -0.0497916  
-0.00774955  -0.00586389  -0.0247813  
0.00119007  0.00333841  -0.0469861  
0.0109487  0.0206578  -0.06037  
-5.54739e-05  -0.00125541  -0.0391951  
0.00276885  0.00798515  -0.00511693  
1.27427  0.717676  -1.8511  
0.00517089  0.010413  -0.0459733  
0.0128743  0.0229716  -0.0640806  
0.00328031  0.00552319  -0.0408208  
-5.00077e-05  0.00110632  -0.00801807  
-0.00664661  -0.00415396  -0.0282739  
0.00805475  0.00935606  -0.0452318  
-0.00906328  -0.00361327  -0.0287778  
0.00509723  0.0127482  -0.0583002  
-0.0138569  -0.00678063  -0.0173067  
-0.00140686  -0.00683365  -0.042264  
0.00227487  0.00438512  -0.0408311  
-0.00313834  -0.00266494  -0.035461  
0.0116578  0.0179597  -0.0581606  
0.00574161  0.00810657  -0.0438676  
0.0062718  -0.000205182  -0.0544137  
0.00187825  -0.0230722  -0.0209516  
0.00669035  0.0108828  -0.0507728  
0.00380837  0.0015872  -0.0433019  
-0.00569657  -0.00685823  -0.0450533  
0.00822282  0.00978323  -0.0500084  
0.00501264  0.0194697  -0.0097457  
-0.003065  -0.00533736  -0.0341772  
-0.00547742  -0.0028709  -0.0366697  
0.00436332  0.00531304  -0.0540294  
0.00583364  0.00681355  -0.0511259  
0.00682461  0.00321264  -0.0582926  
-0.000871721  0.000370248  -0.0295279  
0.00130567  -0.00842787  -0.0473627  
0.00699001  0.0118537  -0.0481183  
-0.00584037  -0.00974513  -0.029372  
0.00491575  0.00664848  -0.052429  
0.00770218  0.0132534  -0.060283  
-0.00869346  -0.0100224  -0.0236557  
-0.0066199  -0.00627484  -0.0335905  
-0.00820877  -0.00802048  -0.0209546  
0.00220462  0.00599913  -0.0397478  
0.00133962  0.00732812  -0.0510327  
-0.000801972  -0.00181625  -0.0452962  
-0.00045923  0.00274815  -0.035772  
0.00262207  0.00687413  -0.0447646  
-0.00554415  -0.00547481  -0.0301047  
-0.00615551  -0.00327117  -0.0363231  
-0.00386608  -0.00242679  -0.0242424  
-0.0099955  -0.0131283  -0.0233573  
-0.00400818  -0.00488339  -0.0207584  
-0.00218988  -0.0100427  -0.0373572  
0.00370394  0.00951671  -0.0452767  
-0.00324909  -0.0031473  -0.0308888  
-0.00269907  -0.000882462  -0.0355021  
0.00336085  0.00431729  -0.0572638  
-0.00824194  0.0118869  -0.0393586  
-0.00386239  -0.00432208  -0.0441451  
-0.00380554  -0.00664276  -0.0269693  
0.00523017  0.00239946  -0.0463565  
-0.00425018  -0.00321365  -0.0314759  
0.00510117  0.00709172  -0.0526475  
0.00825568  0.000358363  -0.0559252  
0.00829505  0.00843921  -0.0569648  
0.00598113  0.00842221  -0.0473959  
0.00369442  0.00925522  -0.0444802  
-0.00140488  0.00355517  -0.0286321  
-0.0079079  -0.0114064  -0.0331091  
-0.0102304  -0.0134131  -0.0164478  
0.0073553  0.0110493  -0.0492187  
0.00676007  0.0120974  -0.0103293  
2.09173e-05  -0.00159338  -0.042029  
0.0033195  0.00321184  -0.0482858  
-0.00389238  0.000727248  -0.0317729  
0.00924654  0.0134367  -0.058175  
0.92638  1.1284  -2.0383  
-0.0042147  -0.00845405  -0.0286064  
7.39469e-05  0.0034658  -0.0390799  
0.00421829  0.00641589  -0.0471015  
-0.0146343  -0.0348469  -0.0251526  
-0.00404376  -0.00149868  -0.0320604  
0.00157645  0.00506105  -0.0395203  
0.00835929  0.00964858  -0.0480705  
0.00563585  0.00860332  -0.0456721  
-0.0126809  0.00808768  -0.0270397  
-0.00248093  -0.00152924  -0.0378481  
0.00502121  0.00649182  -0.0444011  
0.0102479  0.0185355  -0.0548792  
-0.0107213  -0.0155792  -0.0163943  
0.00537253  0.00821695  -0.045315  
-0.000426184  -0.000826672  -0.0338827  
0.00587479  0.00669032  -0.0460971  
0.00157041  0.00222482  -0.0440015  
-0.00322075  -0.00325565  -0.0368253  
0.00673712  0.0083343  -0.0484855  
0.00418679  0.00646743  -0.0460323  
-0.0106344  -0.00806379  -0.0178019  
0.00381293  0.00603045  -0.0434862  
0.00622342  0.00703908  -0.0450386  
0.00920496  0.00946935  -0.054636  
0.00240988  0.00387999  -0.0456851  
-0.00760399  -0.00885788  -0.0250159  
0.00503906  0.00711174  -0.0489678  
-0.00224621  0.00128396  -0.0396045  
-0.000548772  0.000456184  -0.0380999  
-0.00399595  -0.00972998  -0.0329613  
0.00235304  0.00602227  -0.0471049  
0.00687896  0.00838185  -0.0522028  
0.00220199  0.00753827  -0.0435727  
0.00236136  0.0052939  -0.0484315  
0.00455362  0.00655172  -0.0450669  
0.00165199  0.00399019  -0.0450152  
0.00742108  0.00831062  -0.0510631  
-0.00670623  -0.0082317  -0.0311384  
-0.00333543  -0.0025529  -0.0297011  
-0.00228302  0.00458837  -0.0192671  
0.00836165  -5.35515e-06  -0.050281  
0.00059797  -0.00324894  -0.0410729  
0.00671572  0.00541746  -0.0553773  
0.00402574  0.00492014  -0.031498  
0.00741877  0.0107175  -0.0526392  
0.00248054  -0.000448998  -0.0455669  
0.00582603  0.00957764  -0.0458272  
-0.00439438  -0.00838132  -0.034609  
-0.00623396  -0.00234258  -0.02666  
0.00198205  0.00724659  -0.0505767  
-0.00176013  0.00229106  -0.0450236  
0.00846929  0.0104839  -0.0489298  
-0.00231306  0.00192639  -0.0424401  
-0.00401452  -0.00331629  -0.0282121  
-0.00188607  0.000501898  -0.0353304  
0.000465418  -7.05873e-05  -0.0385593  
0.00440412  0.00147762  -0.0450461  
-0.00552881  0.000718511  -0.0283732  
0.000253436  0.00742015  -0.0431943  
0.00797517  0.0108888  -0.052548  
-0.00933707  -0.00463336  -0.0271672  
0.00209565  0.00136164  -0.0421907  
0.0108214  0.000466516  -0.0565368  
-0.00283735  -0.00937909  -0.0322766  
-0.00318836  -0.00122003  -0.0309244  
-0.00444129  -0.00183102  -0.0290337  
0.000147298  -0.00366428  -0.0379012  
-0.0109275  -0.0039856  -0.0197382  
0.0108268  0.000154312  -0.0655814  
-0.00115753  0.00214848  -0.0407979  
0.00628912  0.00524536  -0.0547683  
0.0011402  0.00199401  -0.0421746  
0.00107695  -0.005476  -0.0255608  
0.0165789  0.0202097  -0.0690778  
0.00881984  0.000626691  -0.0566807  
-0.00765773  -0.00152196  -0.0390238  
-0.00467671  0.000369105  -0.0339075  
-0.00259458  0.00887067  -0.00846501  
0.00430076  0.0042746  -0.0481451  
0.0128019  0.0125486  -0.0641985  
0.00068305  -0.000815301  -0.0322169  
-0.00490004  -0.00433553  -0.0324412  
0.00455315  0.00318872  -0.033256  
-0.00450279  -0.00202749  -0.0280491  
-0.00412695  -0.00598049  -0.0320863  
-0.00734847  -0.0119298  -0.0237514  
-0.00923776  -0.00205669  -0.0377705  
-0.00550162  -0.00999645  -0.0334272  
-0.00254683  -0.0032321  -0.0475747  
0.00673108  0.0088597  -0.0521921  
-0.00771626  -0.00283897  -0.0387545  
-0.00689592  -0.0019756  -0.0323699  
0.00370287  -0.00285103  -0.052155  
-0.00265156  -0.000693702  -0.0314539  
0.00851625  0.0107867  -0.0596674  
-0.00222225  0.000899545  -0.0341618  
0.00657529  0.000485254  -0.0540054  
-0.00742621  -0.00791093  -0.0256152  
-0.00429117  -0.00487905  -0.0377339  
-0.00519729  -0.00566282  -0.037601  
-0.00622723  0.00284976  -0.0397261  
0.000587506  0.000649025  -0.0377753  
0.0108637  0.0183839  -0.0687194  
-0.004341  -0.00110928  -0.0473757  
-0.0181208  -0.0266135  -0.0484088  
-0.00450634  0.000939817  -0.0319487  
-0.00595735  -0.00410714  -0.032958  
-0.00656832  -0.00168482  -0.034151  
0.00340981  -0.00239735  -0.0560916  
0.00364886  0.00376436  -0.0487532  
-0.000474502  -0.00266981  -0.0373228  
-0.00306838  -0.00252565  -0.0273571  
0.000784617  -0.000520919  -0.0228528  
-0.00346615  -0.00114531  -0.0288977  
-0.00258706  0.000565285  -0.0301125  
0.00287565  0.00655151  -0.046804  
0.0159408  0.00546195  -0.0714949  
-0.00651893  -0.00301406  -0.0344608  
-0.00222091  -0.00175976  -0.0510949  
-0.00725906  -0.00661519  -0.0322131  
-0.00932224  -0.00126297  -0.0382894  
0.0301602  0.00695922  -0.0851885  
-0.00908979  -0.00276125  -0.0371535  
-0.00860116  -0.00494952  -0.044396  
-0.00869273  -0.0007734  -0.0418204  
0.00255067  -0.000190504  -0.025985  
-0.00546552  -0.00225887  -0.0367953  
-0.00557987  -0.00274548  -0.0319956  
-0.00361054  -0.00422898  -0.0363579  
-0.00246987  -0.000871354  -0.0277865  
-0.00491523  0.00205801  -0.0380756  
-0.00437406  0.00119697  -0.0381404  
-0.00242971  -0.0046181  -0.0421916  
0.00214109  -0.00174678  -0.0321927  
0.00147673  -6.38116e-05  -0.0230539  
0.00835548  0.0146295  -0.0525838  
-0.00396523  0.000683154  -0.0311159  
-0.00566633  -0.00121114  -0.0339312  
0.0175337  -0.00073277  -0.0795581  
0.00163096  0.00209092  -0.0378782  
0.00920257  0.00159777  -0.00168304  
-0.00611346  -0.00163688  -0.0367874  
-0.00531475  0.00127216  -0.0343958  
4.67656e-05  -0.0014019  -0.0488417  
-0.00199578  -0.000220657  -0.0414279  
-0.0219758  -0.0239905  -0.0166277  
-0.00364789  -0.000503018  -0.0337537  
0.0160667  0.0172802  -0.0733544  
0.00693923  0.0121997  0.00355586  
0.026669  0.00677412  -0.0863538  
-0.00723889  -0.00151272  -0.0335447  
0.0225944  0.00437656  -0.0829529  
0.0221683  0.00648916  -0.0908245  
0.00652784  0.00543189  -0.00567649  
-0.00680225  -0.00291063  -0.0420212  
-0.00497515  -0.000804016  -0.0320873  
0.0249093  0.00758362  -0.0874892  
0.0310431  0.00586922  -0.0920317  
-0.00748081  -0.00224497  -0.0407975  
-0.0172467  -0.0143863  -0.0202873  
0.00658639  0.00785293  -0.0526129  
-0.0047089  -0.00190216  -0.0349058  
-0.00095002  1.70868e-05  -0.0471707  
0.0267128  0.00768023  -0.0841199  
0.0193158  0.00286413  -0.0909282  
0.025854  0.00632008  -0.0851813  
-0.00380573  -0.00614655  -0.0383592  
-0.00634279  -0.00670475  -0.0343568  
0.00734391  -0.00015432  -0.106712  
0.0194252  0.00613783  -0.0956258  
0.00285372  0.000217447  -0.013536  
-0.00299735  0.00042154  -0.0292264  
-0.00931364  -0.00803235  -0.0368459  
0.0385235  0.00300537  -0.0853035  
0.0243007  0.00614908  -0.0941  
-0.00977558  -0.00218246  -0.0435546  
-0.00524136  -0.000802302  -0.0314882  
-0.00540441  -0.0015186  -0.0336167  
0.0127456  -0.000516224  -0.105365  
-0.0084898  -0.0031771  -0.0307454  
-0.00932664  -0.00234657  -0.0395682  
0.00864483  0.0210553  -0.0195012  
0.00134618  0.00142404  -0.0501563  
0.0266514  0.00645243  -0.0998481  
0.0331986  0.0100252  -0.085422  
-0.000674624  0.00204765  -0.021867  
-0.00630315  -0.00342442  -0.03432  
0.0566973  0.030477  -0.136933  
0.0277596  0.0080182  -0.0885783  
-0.0170668  -0.00218635  -0.126208  
0.0774299  0.0503295  -0.15152  
0.0473274  0.0296869  -0.138698  
0.00889598  0.00787988  -0.06726  
0.0859279  0.0514458  -0.149956  
0.0764881  0.050593  -0.150669  
0.0725027  0.0485146  -0.144636  
0.0765173  0.0482907  -0.146461  
0.0265014  -0.0034165  -0.151844  
-0.00559026  -0.0165094  -0.145389  
-0.00434937  -0.00549537  -0.0327024  
-0.00515882  0.000828078  -0.0323251  
-0.0557496  -0.0109458  -0.143106  
0.0395217  0.00948494  -0.102059  
0.0472219  0.0131079  -0.101232  
-0.000319549  0.00347799  -0.0459005  
-0.015193  0.0019073  -0.137563  
-0.00042644  -0.00466293  -0.137938  
0.0791929  0.0526893  -0.149084  
0.0787598  0.0436888  -0.143507  
-0.0153867  -0.00196195  -0.148463  
0.00136353  0.00239526  -0.128127  
0.0155201  0.00474897  -0.152448  
0.0070362  0.00054506  -0.11948  
0.0860975  0.0569343  -0.160009  
0.000773622  0.00139627  -0.152497  
0.0200037  -0.0036259  -0.143287  
0.0565095  0.0371052  -0.137096  
0.0850812  0.0502264  -0.152554  
-0.00533155  0.00177279  -0.137357  
0.0649428  0.026118  -0.124386  
0.0712895  0.0477031  -0.140905  
0.0441433  0.0237135  -0.124635  
-0.0265454  -0.00152206  -0.144469  
-0.00958487  -0.022782  -0.151288  
0.0131388  0.00716774  -0.140191  
0.019843  -0.00595025  -0.117742  
0.0146424  -0.0144083  -0.146614  
0.0768683  0.0594831  -0.154775  
0.0104269  0.00332037  -0.139739  
-0.00274345  0.000198219  -0.0304417  
0.0501382  0.0287414  -0.120017  
0.0100287  -0.0110693  -0.131863  
-0.0023066  -0.000713085  -0.0285286  
-0.00383968  -0.000725447  -0.156698  
0.000779077  0.00264324  -0.139703  
0.0440746  0.02795  -0.124271  
-0.0470283  -0.0108623  -0.117961  
0.0865881  0.0570333  -0.157369  
-0.00527371  0.000133094  -0.138006  
-0.00758414  -0.0166781  -0.135928  
0.0509109  0.0290574  -0.1148  
-0.00343232  0.00085372  -0.124922  
0.0455804  0.025201  -0.114411  
0.0106118  0.0118023  -0.0573714  
0.00364611  -0.00112135  -0.156784  
0.0707592  0.0402948  -0.125219  
0.00641198  -0.00456037  -0.166515  
0.014556  -0.0202273  -0.178469  
0.0978117  0.0568384  -0.162425  
-0.00357552  1.44795e-05  -0.0303573  
-0.00474962  -0.00108682  -0.0330019  
0.0051486  -0.000619412  -0.0196484  
0.0396746  0.0208586  -0.143265  
0.0297155  -0.0245152  -0.173638  
0.0119256  -0.0159174  -0.160587  
0.120652  0.0751433  -0.197821  
0.110724  0.0674476  -0.185112  
0.00330478  0.00195644  -0.0428685  
0.00479389  -0.020068  -0.172046  
0.0238102  0.00178383  -0.175044  
0.0219411  -0.0254138  -0.192455  
0.102046  0.055301  -0.159799  
0.00964331  0.00381604  -0.00685484  
-0.00770523  -0.0072677  -0.0310321  
-0.00169146  -0.000266541  -0.0338603  
0.000175754  0.00192844  -0.0330715  
-0.0112116  -0.0256423  -0.157948  
0.00116358  -0.000168985  -0.0471344  
0.117073  0.0778199  -0.186165  
0.00339641  -0.00519173  -0.0453089  
0.0174178  0.0231395  -0.0219942  
-0.0067263  -0.00133904  -0.034911  
0.102188  0.0507618  -0.162912  
0.0101998  0.00960403  -0.0606094  
-0.00149586  0.00187643  -0.0351019  
0.00675155  0.0015035  -0.15222  
-0.00263286  0.00206212  -0.0338758  
-0.00114964  0.00317872  -0.0337627  
-0.00328291  4.1705e-05  -0.0341011  
0.00650768  0.00673244  -0.199422  
0.0176315  0.00916255  -0.139257  
0.00663889  0.000846816  -0.15544  
-0.00478919  -0.000685268  -0.0332843  
-0.000768746  0.00128077  -0.0280669  
0.00212214  0.00317611  -0.0203121  
0.0141842  0.00657822  -0.156341  
0.00829678  0.00291925  -0.161174  
0.10904  0.0544489  -0.16832  
-8.97935e-05  0.00143253  -0.0296772  
-0.000139247  0.00198159  -0.0310522  
0.00434112  0.00292717  -0.138701  
0.00507746  0.00277441  -0.135176  
-0.00215167  -0.000609678  -0.0307215  
-0.00860798  -0.00209281  -0.13322  
0.112502  0.0570426  -0.176352  
-0.000450087  -0.000221182  -0.166449  
-0.00034595  0.00141156  -0.0305525  
0.00772877  0.006724  -0.0142464  
0.00263829  0.00147717  -0.0300493  
0.00488117  -0.00719849  -0.116908  
-0.000474053  -0.00156689  -0.0284759  
-5.29644e-05  0.00206956  -0.0322516  
0.00531317  0.00373315  -0.041921  
-0.00396037  0.00212447  -0.119963  
0.00147671  -0.000700871  -0.0270737  
0.00093782  0.00187324  -0.0304088  
-0.00369032  -0.00114223  -0.115553  
-0.000330223  0.00420774  -0.134262  
-0.00284085  -0.00033106  -0.136024  
1.45192e-05  0.00184745  -0.0314099  
-8.12942e-05  0.00345746  -0.0257373  
-0.0100112  -0.0111915  -0.14247  
-0.000158624  0.00148355  -0.0292135  
0.00741297  0.00304701  -0.0195878  
-0.00697133  -0.00631262  -0.122728  
-0.0121764  -0.00164502  -0.179715  
-0.00668751  -0.00285859  -0.147084  
0.106119  0.0649652  -0.17148  
0.0135565  -0.00198179  -0.136408  
-0.00242276  0.00301626  -0.127623  
0.00310913  0.00414096  -0.123693  
0.00013121  0.00176702  -0.0248429  
0.00529812  0.0037131  -0.0348584  
0.00139811  0.00350299  -0.0330539  
0.00971072  0.0140403  -0.00837878  
0.00538358  0.00357972  -0.14575  
0.00265893  0.00418788  -0.142693  
-0.00388547  -0.000774804  -0.038061  
0.00635532  0.00555756  -0.0502452  
0.00827304  0.0118332  -0.00817599  
-0.00239598  -0.00408333  -0.0399099  
0.0147255  0.0138663  -0.0206885  
0.0138479  0.0109048  -0.0644462  
0.0133132  0.00447193  -0.00361569  
0.0102022  0.00664318  -0.0561641  
0.0120646  0.0118486  -0.0108576  
0.0139633  0.00817275  -0.0640947  
0.00845111  0.00655836  -0.0531943  
0.00383462  -0.00304344  -0.181756  
0.0130917  0.00984473  -0.0195423  
0.0152896  0.00894625  -0.0188113  
0.0131063  0.00726545  -0.05991  
0.0107335  0.0113523  -0.0271343  
-0.00198653  -0.00164455  -0.0296366  
0.00644993  0.00727623  -0.0484227  
0.0123869  0.0073546  -0.0638206  
0.0152849  0.00896566  -0.0615947  
-0.0032811  0.000210745  -0.0385122  
0.00734516  0.00572109  -0.0172361  
0.0131347  0.00389843  -0.00403727  
0.0101224  0.0128691  -0.0166727  
0.0130534  0.0078557  -0.0616022  
0.0082406  0.0101147  -0.0617482  
0.0127269  0.00590823  -0.0540375  
0.0118463  0.0105404  -0.0184992  
0.0114163  0.00903057  -0.00926171  
0.00871734  0.00451176  -0.051173  
0.0125433  0.00871752  -0.0187787  
0.00900109  0.00678647  -0.0423571  
0.00848952  0.00581836  -0.049621  
0.011484  0.0102164  -0.0169901  
0.00718286  0.00408707  -0.0511763  
-0.00059897  0.00130637  -0.0394966  
0.00866252  0.00580081  -0.0488596  
0.00410392  0.00543118  -0.0428906  
0.00972893  0.0044787  -0.0159462  
0.00789265  0.00401443  -0.045305  
0.000412124  0.000939266  -0.0297224  
0.00808435  0.00561054  -0.042978  
0.0123118  0.00861657  -0.0179195  
0.00894832  0.00694915  -0.0150835  
0.00523306  0.00697979  -0.0243454  
0.0114386  0.00468893  -0.00889915  
0.000790665  0.00472631  -0.0338644  
0.00999294  0.00433396  -0.0469057  
0.0070655  0.00311534  -0.0390034  
0.00754686  0.00206087  -0.0511204  
0.0111429  0.00637059  -0.0180668  
0.00136089  0.00206495  -0.0376117  
0.01191  0.00505337  -0.0183138  
0.00687195  0.00446852  -0.0396423  
0.0113659  0.00334779  -0.0131516  
0.00198194  0.00142499  -0.0303943  
0.00396703  0.00264275  -0.0401059  
-0.000821732  0.000388766  -0.0315688  
0.00585654  0.00327206  -0.0372286  
0.005705  0.00148722  -0.02314  
0.00920967  0.00224362  -0.017267  
0.00118688  0.0014222  -0.0355455  
0.00827673  0.00541536  -0.0385111  
0.00273147  0.00310105  -0.0374283  
0.00311079  0.00289326  -0.0359423  
0.00623352  0.00260421  -0.0233842  
0.00937159  0.00683015  -0.0139679  
-0.00149424  0.0012873  -0.0377323  
0.00889157  0.0048779  -0.0176574  
0.0092617  0.00450853  -0.0150653  
0.00399151  0.00236584  -0.0331423  
0.000476662  0.00084963  -0.0347813  
0.000737135  0.000416618  -0.0350993  
-0.000341674  0.00208132  -0.0349423  
0.00645708  0.00326847  -0.0397002  
0.00180281  0.00163059  -0.0358019  
-0.000861809  0.00207982  -0.0294462  
-0.000534424  0.000667083  -0.0324822  
0.0101419  0.00815864  -0.0501292  
0.00750269  0.00624963  -0.0462784  
0.00132269  0.00188122  -0.0301903  
0.00805259  0.00543944  -0.0263725  
0.0087359  0.00664457  -0.0121652  
0.00722115  0.00481224  -0.0426672  
0.0085504  0.0054468  -0.0445378  
0.0178638  0.00710584  -0.00854741  
0.0086416  0.00752926  -0.0441899  
0.00943026  0.0081404  -0.0436214  
0.0135049  0.00359004  -0.00968644  
0.00590074  0.00531308  -0.0415419  
0.00865075  0.00808538  -0.0450374  
0.0143084  0.00105299  -0.0142341  
-0.00244422  -0.000936437  -0.121764  
0.00630053  0.00471256  -0.0308825  
0.00715143  0.00832653  -0.00821695  
0.00448118  0.00378364  -0.0306337  
-0.000706601  -0.00215751  -0.0170882  
-0.015565  0.00257764  -0.165364  
0.00504217  0.00554641  -0.0345614  
-0.0122209  0.00279759  -0.16796  
0.00257783  0.00125624  -0.0339873  
0.0150899  0.00336842  -0.0122654  
0.0110775  0.00536654  -0.0128351  
0.0107894  0.00906076  -0.0472379  
0.00843996  0.00800104  -0.0494752  
0.00956496  0.0100243  -0.0380035  
0.00611965  0.00373902  -0.0440377  
0.0114524  0.00897852  -0.0605604  
0.0136098  0.0110884  -0.06597  
0.00644224  0.00758098  -0.0469442  
0.0177532  0.0105676  -0.0792107  
0.0547723  0.0323079  -0.170117  
0.0259987  0.0167542  -0.0939744  
0.148771  -0.0104907  -0.34505  
0.0776134  0.0513891  -0.203494  
0.085601  0.0522926  -0.22501  
0.262236  0.602015  -1.66832  
0.0718932  0.0491943  -0.181947  
0.0763633  0.0539024  -0.196175  
0.0463068  0.0502399  -0.169204  
0.0639398  0.0456985  -0.171175  
0.170393  0.00878921  -0.338209  
0.171189  -0.0106251  -0.367869  
0.197612  -0.0336099  -0.422976  
0.0793841  0.0553346  -0.221196  
0.0293014  0.018383  -0.105295  
0.0102292  0.00930025  -0.0508983  
0.0305955  0.0205693  -0.10549  
-8.84762  10.8251  1.50225  
0.0298816  0.0188388  -0.10677  
0.104934  0.0605483  -0.287329  
0.0297766  0.0210341  -0.104686  
0.0254391  0.0171994  -0.0899089  
-1.12877  -0.543565  2.88945  
0.0253682  0.0164452  -0.0922908  
0.0255467  0.0182297  -0.0925585  
0.721325  0.401279  -1.75117  
0.0257585  0.0172115  -0.0939463  
0.030907  0.0210251  -0.103535  
0.0257779  0.0162652  -0.0911664  
0.0240628  0.0168824  -0.0856382  
0.0308268  0.0199379  -0.101404  
0.0288033  0.0182107  -0.09724  
0.0225428  0.0155724  -0.0820081  
0.0302813  0.0185893  -0.104414  
0.030582  0.0175818  -0.104394  
0.0249694  0.0166758  -0.0876148  
0.601397  1.23771  -0.330275  
0.0338338  0.0210698  -0.108823  
0.0189204  0.0132692  -0.0753942  
0.0317824  0.0178521  -0.107865  
0.0283606  0.0188054  -0.102617  
0.0272304  0.0165346  -0.094252  
0.0286253  0.0183623  -0.0988981  
0.0314915  0.0200899  -0.104149  
0.0273957  0.0175486  -0.0943965  
0.0296521  0.0189036  -0.0995902  
0.0270191  0.0182049  -0.0926511  
0.0313935  0.018838  -0.102534  
0.0270355  0.0176412  -0.0945277  
0.0306324  0.0184679  -0.103906  
0.0246857  0.014794  -0.0838937  
0.0292876  0.0197826  -0.102016  
0.00631759  0.0444165  -0.352568  
0.0230555  0.0166788  -0.0843044  
0.0228853  0.0158526  -0.0850145  
0.00526403  0.0470843  -0.373847  
0.0345231  0.0201318  -0.112184  
0.0155829  0.00964243  -0.0655084  
-0.00355001  0.00371768  -0.0185669  
-0.229337  0.0902887  0.283126  
0.0251141  0.0151148  -0.0941058  
0.0433532  0.0200434  -0.135362  
0.0254941  0.0134304  -0.0895433  
0.0424675  0.019629  -0.136814  
15.1255  39.214  -94.8713  
