0.000387042  0.00195479  0.00217466  
-0.00413239  -0.00301996  -0.0186668  
0.00469669  0.00943749  0.00309874  
0.00185922  0.00265441  -0.0297941  
0.00368962  0.0189469  0.003453  
0.00193434  0.00506532  -0.0286783  
-0.00242216  -0.00220574  -0.0218318  
-0.0122118  -0.0101735  -0.0142939  
-0.00120767  7.74394e-05  -0.028624  
-0.005485  -0.00400342  -0.0240978  
-9.2903e-05  0.000424622  -0.0268512  
0.00548282  0.0108147  0.000256861  
-0.0121883  -0.00803707  -0.0108103  
0.000571639  0.00314133  -0.0277762  
-0.000713748  0.00325417  -0.025705  
0.00497829  0.00558344  -0.0349734  
-0.00494557  -0.00501423  -0.0246584  
-0.00979795  -0.00933885  -0.0155925  
0.00131019  0.00389046  -0.0315093  
-0.00460297  -0.000267152  -0.0259781  
-0.00295815  -0.00131893  -0.0248725  
-0.00866395  -0.0118579  -0.0171315  
-0.00122487  0.00301251  -0.0301921  
-0.00538528  -0.00935541  -0.0226539  
-0.00617941  -0.0020516  -0.0213382  
-0.00845734  -0.00394865  -0.0260175  
0.00178445  0.0034793  -0.0269707  
0.00339674  0.00584789  -0.00739829  
-0.000240194  0.000551023  -0.026357  
-0.00837573  -0.0088277  -0.0205953  
-0.00518026  -0.00347296  -0.0190443  
-0.000740017  0.0044814  -0.0175049  
-0.00647258  -0.0077464  -0.0155473  
-0.00195948  -0.00503449  -0.0266187  
0.00294036  0.00285012  -0.0361358  
-0.00113438  0.000693424  -0.031459  
-0.00838155  -0.00780786  -0.015449  
-0.0074409  -0.0106137  -0.0144583  
0.00552254  0.00859758  -0.00350346  
-0.00814959  -0.00962369  -0.0192259  
-0.00814953  -0.00291882  -0.0169119  
0.00104966  0.00288029  -0.0342943  
-0.0111552  -0.00424426  -0.0235236  
0.00266631  0.00273843  -0.0279443  
-0.00485817  0.000619252  -0.0278673  
-0.00390569  -0.00326908  -0.0201219  
-0.00392125  -0.000721132  -0.0230416  
-0.001766  -0.00149939  -0.0251549  
-0.000386541  -0.00238047  -0.0262033  
-0.00743312  0.00196125  -0.0137245  
-0.00225201  0.0055208  -0.0280606  
0.00174509  0.00331425  -0.0301329  
-0.0110827  -0.00508232  -0.0174817  
-0.00136178  -0.000323322  -0.0269736  
0.0171403  0.000338831  -0.0478424  
-0.00525087  -0.0101196  -0.0207267  
-0.00494393  -0.00162598  -0.0204964  
-0.00627449  -0.00276507  -0.0187301  
-0.00239774  -0.00505066  -0.0245514  
-0.0127831  -0.00405825  -0.0120108  
0.0511847  0.0203655  -0.0787244  
-0.00311642  0.000666358  -0.0274116  
0.00165629  0.00250406  -0.0301459  
0.00183594  0.00333543  -0.0268861  
-0.00055885  -0.00590072  -0.016591  
0.0113112  0.014511  -0.0449442  
-0.00700062  -0.00838516  -0.0162025  
-0.00641591  -0.00110426  -0.0291972  
-0.00117994  0.00347107  -0.0291228  
0.00146729  0.00424821  -0.0278516  
0.00562057  0.00974688  -0.00953734  
-0.00394474  -0.00386867  -0.0232237  
-0.000744497  0.000430117  -0.026723  
-0.00578464  -0.000352415  -0.02054  
0.00496061  0.00859573  -0.0372999  
0.00213667  0.00241282  -0.0272647  
-0.0063486  -0.00891234  -0.0181968  
-0.00244677  0.00130874  -0.0250843  
0.000427382  0.00324131  -0.0271208  
-0.00121252  -0.00365046  -0.0131648  
-0.007829  -0.00331601  -0.0168179  
-0.000865637  0.00283054  -0.025236  
0.00269023  0.0039486  -0.0280526  
-0.00612697  -0.00335443  -0.0190538  
-0.00598764  0.00804368  -0.0202001  
-0.00494023  -0.00270261  -0.0247251  
-0.0126148  -0.012832  -0.011229  
0.00707122  0.0151031  -0.0361949  
-0.0126181  -0.0152812  -0.0096129  
0.00193434  0.00506532  -0.0286783  
-0.00242216  -0.00220574  -0.0218318  
-0.0122118  -0.0101735  -0.0142939  
-0.00120767  7.74394e-05  -0.028624  
-0.005485  -0.00400342  -0.0240978  
-9.2903e-05  0.000424622  -0.0268512  
0.00548282  0.0108147  0.000256861  
-0.0121883  -0.00803707  -0.0108103  
0.000571639  0.00314133  -0.0277762  
-0.000713748  0.00325417  -0.025705  
0.00497829  0.00558344  -0.0349734  
-0.00494557  -0.00501423  -0.0246584  
-0.00979795  -0.00933885  -0.0155925  
0.00131019  0.00389046  -0.0315093  
-0.00460297  -0.000267152  -0.0259781  
-0.00295815  -0.00131893  -0.0248725  
-0.00866395  -0.0118579  -0.0171315  
-0.00122487  0.00301251  -0.0301921  
-0.00538528  -0.00935541  -0.0226539  
-0.00617941  -0.0020516  -0.0213382  
-0.00845734  -0.00394865  -0.0260175  
0.00178445  0.0034793  -0.0269707  
0.00339674  0.00584789  -0.00739829  
-0.000240194  0.000551023  -0.026357  
-0.00837573  -0.0088277  -0.0205953  
-0.00518026  -0.00347296  -0.0190443  
-0.000740017  0.0044814  -0.0175049  
-0.00647258  -0.0077464  -0.0155473  
-0.00195948  -0.00503449  -0.0266187  
0.00294036  0.00285012  -0.0361358  
-0.00113438  0.000693424  -0.031459  
-0.00838155  -0.00780786  -0.015449  
-0.0074409  -0.0106137  -0.0144583  
0.00552254  0.00859758  -0.00350346  
-0.00814959  -0.00962369  -0.0192259  
-0.00814953  -0.00291882  -0.0169119  
0.00104966  0.00288029  -0.0342943  
-0.0111552  -0.00424426  -0.0235236  
0.00266631  0.00273843  -0.0279443  
-0.00485817  0.000619252  -0.0278673  
-0.00390569  -0.00326908  -0.0201219  
-0.00392125  -0.000721132  -0.0230416  
-0.001766  -0.00149939  -0.0251549  
-0.000386541  -0.00238047  -0.0262033  
-0.00743312  0.00196125  -0.0137245  
-0.00225201  0.0055208  -0.0280606  
0.00174509  0.00331425  -0.0301329  
-0.0110827  -0.00508232  -0.0174817  
-0.00136178  -0.000323322  -0.0269736  
0.0171403  0.000338831  -0.0478424  
-0.00525087  -0.0101196  -0.0207267  
-0.00494393  -0.00162598  -0.0204964  
-0.00627449  -0.00276507  -0.0187301  
-0.00239774  -0.00505066  -0.0245514  
-0.0127831  -0.00405825  -0.0120108  
0.0511847  0.0203655  -0.0787244  
-0.00311642  0.000666358  -0.0274116  
0.00165629  0.00250406  -0.0301459  
0.00183594  0.00333543  -0.0268861  
-0.00055885  -0.00590072  -0.016591  
0.0113112  0.014511  -0.0449442  
-0.00700062  -0.00838516  -0.0162025  
-0.00641591  -0.00110426  -0.0291972  
-0.00117994  0.00347107  -0.0291228  
-0.00316578  0.00321692  -0.00572507  
0.000155479  0.00148609  -0.0281402  
0.00979167  0.010411  -0.0439312  
-0.00134834  -0.00142865  -0.0210944  
-0.00729024  -0.00502355  -0.020888  
0.00225066  0.00141331  -0.021325  
-0.00330868  -0.00144161  -0.0211208  
-0.00656687  -0.00714138  -0.0145056  
-0.0112162  -0.0132644  -0.013271  
-0.00539758  -0.000633049  -0.023143  
-0.0119647  -0.0123121  -0.0135758  
-0.00593295  -0.00446378  -0.0227083  
-0.0032749  -0.00283914  -0.0255944  
-0.00510036  -0.0020109  -0.0261078  
-0.00573794  -0.0015407  -0.024319  
-0.00895249  -0.00654782  -0.0225547  
-0.00436808  -0.00176037  -0.0208685  
-0.00259531  -0.00185736  -0.0275232  
0.00168714  0.00336629  -0.0315767  
0.00146729  0.00424821  -0.0278516  
0.00146729  0.00424821  -0.0278516  
0.00562057  0.00974688  -0.00953734  
-0.00394474  -0.00386867  -0.0232237  
0.00146729  0.00424821  -0.0278516  
0.00562057  0.00974688  -0.00953734  
-0.00394474  -0.00386867  -0.0232237  
-0.000744497  0.000430117  -0.026723  
-0.00578464  -0.000352415  -0.02054  
0.00496061  0.00859573  -0.0372999  
0.00213667  0.00241282  -0.0272647  
-0.0063486  -0.00891234  -0.0181968  
-0.00244677  0.00130874  -0.0250843  
0.000427382  0.00324131  -0.0271208  
-0.00121252  -0.00365046  -0.0131648  
-0.007829  -0.00331601  -0.0168179  
-0.000865637  0.00283054  -0.025236  
0.00269023  0.0039486  -0.0280526  
-0.00612697  -0.00335443  -0.0190538  
-0.00598764  0.00804368  -0.0202001  
-0.00494023  -0.00270261  -0.0247251  
-0.0126148  -0.012832  -0.011229  
0.00707122  0.0151031  -0.0361949  
-0.0126181  -0.0152812  -0.0096129  
0.00193434  0.00506532  -0.0286783  
-0.00242216  -0.00220574  -0.0218318  
-0.0122118  -0.0101735  -0.0142939  
-0.00120767  7.74394e-05  -0.028624  
-0.005485  -0.00400342  -0.0240978  
-9.2903e-05  0.000424622  -0.0268512  
0.00548282  0.0108147  0.000256861  
-0.0121883  -0.00803707  -0.0108103  
0.000571639  0.00314133  -0.0277762  
-0.000713748  0.00325417  -0.025705  
0.00497829  0.00558344  -0.0349734  
-0.00494557  -0.00501423  -0.0246584  
-0.00979795  -0.00933885  -0.0155925  
0.00131019  0.00389046  -0.0315093  
-0.00460297  -0.000267152  -0.0259781  
-0.00295815  -0.00131893  -0.0248725  
-0.00866395  -0.0118579  -0.0171315  
-0.00122487  0.00301251  -0.0301921  
-0.00538528  -0.00935541  -0.0226539  
-0.00617941  -0.0020516  -0.0213382  
-0.00845734  -0.00394865  -0.0260175  
0.00178445  0.0034793  -0.0269707  
0.00339674  0.00584789  -0.00739829  
-0.000240194  0.000551023  -0.026357  
-0.00837573  -0.0088277  -0.0205953  
-0.00518026  -0.00347296  -0.0190443  
-0.000740017  0.0044814  -0.0175049  
-0.00647258  -0.0077464  -0.0155473  
-0.00195948  -0.00503449  -0.0266187  
0.00294036  0.00285012  -0.0361358  
-0.00113438  0.000693424  -0.031459  
-0.00838155  -0.00780786  -0.015449  
-0.0074409  -0.0106137  -0.0144583  
0.00552254  0.00859758  -0.00350346  
-0.00814959  -0.00962369  -0.0192259  
-0.00814953  -0.00291882  -0.0169119  
0.00104966  0.00288029  -0.0342943  
-0.0111552  -0.00424426  -0.0235236  
0.00266631  0.00273843  -0.0279443  
-0.00485817  0.000619252  -0.0278673  
-0.00390569  -0.00326908  -0.0201219  
-0.00392125  -0.000721132  -0.0230416  
-0.001766  -0.00149939  -0.0251549  
-0.000386541  -0.00238047  -0.0262033  
-0.00743312  0.00196125  -0.0137245  
-0.00225201  0.0055208  -0.0280606  
0.00174509  0.00331425  -0.0301329  
-0.0110827  -0.00508232  -0.0174817  
-0.00136178  -0.000323322  -0.0269736  
0.0171403  0.000338831  -0.0478424  
-0.00525087  -0.0101196  -0.0207267  
-0.00494393  -0.00162598  -0.0204964  
-0.00627449  -0.00276507  -0.0187301  
-0.00239774  -0.00505066  -0.0245514  
-0.0127831  -0.00405825  -0.0120108  
0.0511847  0.0203655  -0.0787244  
-0.00311642  0.000666358  -0.0274116  
0.00165629  0.00250406  -0.0301459  
0.00183594  0.00333543  -0.0268861  
-0.00055885  -0.00590072  -0.016591  
0.0113112  0.014511  -0.0449442  
-0.00700062  -0.00838516  -0.0162025  
-0.00641591  -0.00110426  -0.0291972  
-0.00117994  0.00347107  -0.0291228  
-0.00316578  0.00321692  -0.00572507  
0.000155479  0.00148609  -0.0281402  
0.00979167  0.010411  -0.0439312  
-0.00134834  -0.00142865  -0.0210944  
-0.00729024  -0.00502355  -0.020888  
0.00225066  0.00141331  -0.021325  
-0.00330868  -0.00144161  -0.0211208  
-0.00656687  -0.00714138  -0.0145056  
-0.0112162  -0.0132644  -0.013271  
-0.00539758  -0.000633049  -0.023143  
-0.0119647  -0.0123121  -0.0135758  
-0.00593295  -0.00446378  -0.0227083  
-0.0032749  -0.00283914  -0.0255944  
-0.00510036  -0.0020109  -0.0261078  
-0.00573794  -0.0015407  -0.024319  
-0.00895249  -0.00654782  -0.0225547  
-0.00436808  -0.00176037  -0.0208685  
-0.00259531  -0.00185736  -0.0275232  
0.00168714  0.00336629  -0.0315767  
-0.00253871  -0.00345259  -0.0227044  
-0.00659233  -0.00603716  -0.0118062  
-0.00755713  -0.00646424  -0.0168336  
-0.0033002  -0.00367926  -0.0293569  
-0.0083446  0.00147766  -0.0263315  
-0.0019185  -0.000528182  -0.0248186  
-0.00361539  0.00422624  -0.0285862  
-0.0049471  -0.00182109  -0.0301861  
-0.0237336  -0.0281701  -0.0312195  
-0.00560001  -0.00231798  -0.0256468  
-0.0083728  -0.00513254  -0.0213298  
-0.00880603  -0.00525033  -0.0214767  
-0.00539122  -0.00588711  -0.0253699  
0.00146729  0.00424821  -0.0278516  
0.00562057  0.00974688  -0.00953734  
-0.00394474  -0.00386867  -0.0232237  
-0.000744497  0.000430117  -0.026723  
-0.00578464  -0.000352415  -0.02054  
0.00496061  0.00859573  -0.0372999  
0.00213667  0.00241282  -0.0272647  
-0.0063486  -0.00891234  -0.0181968  
-0.00244677  0.00130874  -0.0250843  
0.000427382  0.00324131  -0.0271208  
-0.00121252  -0.00365046  -0.0131648  
0.00146729  0.00424821  -0.0278516  
0.00146729  0.00424821  -0.0278516  
0.00562057  0.00974688  -0.00953734  
-0.00394474  -0.00386867  -0.0232237  
-0.000744497  0.000430117  -0.026723  
-0.00603561  -0.00363072  -0.0189287  
0.00635636  0.0109299  -0.00881323  
-0.00246581  -0.000539053  -0.023755  
-0.000744497  0.000430117  -0.026723  
-0.00578464  -0.000352415  -0.02054  
-0.00603561  -0.00363072  -0.0189287  
-0.00603561  -0.00363072  -0.0189287  
-0.00603561  -0.00363072  -0.0189287  
0.00635636  0.0109299  -0.00881323  
-0.00246581  -0.000539053  -0.023755  
-0.000744497  0.000430117  -0.026723  
-0.00603561  -0.00363072  -0.0189287  
0.00635636  0.0109299  -0.00881323  
-0.00246581  -0.000539053  -0.023755  
-0.000744497  0.000430117  -0.026723  
-0.00603561  -0.00363072  -0.0189287  
0.00635636  0.0109299  -0.00881323  
-0.00603561  -0.00363072  -0.0189287  
0.00635636  0.0109299  -0.00881323  
-0.00150335  0.00275021  0.00143121  
-0.000810506  -0.00205577  -0.00124886  
0.00176005  0.00436379  -0.00172573  
-0.00107115  0.000327632  0.00226183  
-0.000853598  0.00481173  0.00138105  
0.00126627  0.0034915  -0.00109013  
-0.00126975  -1.5499e-05  0.00331246  
0.000106137  -0.00124578  0.00318  
0.0020274  0.00179961  -0.000486461  
-0.000497398  0.00369075  0.00251798  
0.00129844  0.00246401  0.00232737  
-0.00228324  0.00278292  0.00450941  
-0.0021197  0.00241749  0.00295046  
0.000412644  0.00182728  0.00323775  
-0.00180503  0.000657678  0.00459704  
0.00229884  0.00703495  0.00286751  
-0.00188494  0.0021376  0.00456804  
-0.00119218  0.00184258  0.00400005  
-0.00210894  0.00270459  0.00444071  
-0.0019938  -0.0018513  0.00531528  
-0.00147423  0.00235338  0.00307397  
5.25672e-05  0.000337789  0.00106828  
-0.000299738  0.00135015  0.00120853  
0.000239794  0.00234777  0.00152897  
-0.00262933  0.00218529  0.00396409  
-0.00123658  0.00035232  0.00325864  
-0.00132717  0.00147213  0.00356412  
-0.00509443  -0.000625191  0.00971821  
-0.0019566  0.00112773  0.00446882  
-0.00147172  0.00286087  0.00372173  
-0.000386007  0.00279172  0.00179409  
-0.00189738  0.00107471  0.00350945  
-0.00344868  -0.00227582  0.00703534  
-0.00137426  0.00174029  0.00380056  
-0.000484788  0.00425621  0.00175806  
-0.00157014  -8.3964e-05  0.00425263  
-0.00571523  -0.003364  0.00833256  
-0.00197551  0.0025114  0.00129031  
-0.00153804  -0.0035642  0.00482611  
-0.00149364  0.00249427  0.00483488  
-0.00067687  0.00306263  0.00239454  
-0.00117429  0.00184531  0.00131099  
-0.00268023  0.000922984  0.00414447  
0.00117204  0.000689161  0.00402085  
-0.00268669  -0.00330714  0.00411497  
-0.00128719  0.00123383  0.00341745  
-4.5272e-06  0.0030508  0.0054083  
0.00157263  0.00175228  0.00346647  
-0.000834027  -0.00208911  0.00254579  
-0.737847  -0.0565339  2.9824  
0.000518503  0.0031745  0.0018602  
9.94887e-05  0.00445219  0.000165815  
-0.00101765  -0.00033871  0.00465684  
-0.00120497  0.00124202  0.00270466  
-0.00071421  -7.44891e-05  0.0027752  
-0.00063409  0.00470895  0.00259996  
-0.00292515  0.00267187  -0.00213523  
-0.00649832  0.00211016  0.0057195  
-0.00081177  0.00692974  0.0036515  
-0.00214778  0.00630398  0.00243  
4.63619e-05  -0.000369925  0.00310894  
0.000124364  0.00396281  0.000452627  
0.0025664  0.00366725  -0.00384487  
-0.000353895  -0.000522444  0.00170069  
-0.00114029  0.00682601  0.0024204  
0.000247026  0.00737338  0.000394219  
0.000367977  0.00305894  -0.000217822  
-0.00398525  0.00170049  0.00409769  
0.00108669  0.0048446  0.000844341  
0.00626238  0.00457543  -0.00579686  
0.000672168  -0.00286055  0.000425038  
-0.000589725  0.00276074  0.000851517  
-0.00138545  0.00242189  0.00137515  
-0.000418334  -0.00321636  0.00706122  
-0.00141982  0.00762128  0.00530336  
0.0025328  -0.000572526  -0.00255541  
4.66006e-06  0.00484074  -0.00363659  
-0.000426721  0.0015125  0.00113624  
0.00693872  0.00817154  -0.00704298  
0.00454307  -0.000410711  0.00116999  
-0.0024875  0.00341557  0.00477921  
-0.00173926  -0.00216565  0.00480815  
0.000118245  0.00181557  0.0016553  
9.49127e-05  0.00241166  0.001508  
-0.00313155  0.00667121  -2.6991e-05  
