0.00456014  0.00987337  -0.0315833  
0.00640742  0.00583932  -0.0068098  
-0.00230686  -0.00306253  -0.0264884  
0.000254535  0.000415448  -0.0316243  
0.00532832  0.00426326  -0.0351038  
0.00902554  0.0117281  -0.00632435  
0.00265423  0.00157414  -0.0392085  
-0.00635144  -0.00890899  -0.0182039  
-0.0026467  0.00149128  -0.0251374  
0.000708966  0.00373762  -0.0302076  
-0.00434965  -0.00509171  -0.0165819  
-0.00647386  -0.00253366  -0.0201794  
-0.00958781  -0.00185365  -0.0138809  
0.000186217  0.00355348  -0.0252139  
0.00209608  0.00518117  -0.0283851  
-0.00529855  -0.00223567  -0.0186341  
-0.00856782  -0.00462056  -0.0183762  
0.00195929  0.00406356  -0.0282094  
0.00364432  0.0115218  -0.0326606  
-0.0125263  -0.0144633  -0.0100655  
0.00188697  0.00510331  -0.0285381  
-0.00226258  -0.00211912  -0.020334  
-0.0135076  -0.0138329  -0.0109872  
-0.00155857  0.000138917  -0.0288262  
-0.00541578  -0.00393142  -0.0241642  
0.00117377  0.00201875  -0.0284781  
-0.00289769  -0.00118826  -0.0214983  
-0.0119604  -0.00789353  -0.0100998  
0.000939057  0.00315639  -0.0265873  
0.00281561  0.00416367  -0.0280815  
0.0049709  0.00536815  -0.033189  
-0.00612817  -0.0052916  -0.0222016  
-0.00972118  -0.00924884  -0.0152579  
0.000750276  0.00384615  -0.0290562  
-0.00527636  -0.00102619  -0.0262427  
-0.00292441  -0.00121778  -0.0246092  
-0.00815162  -0.0109991  -0.0174891  
-0.00073025  0.00308863  -0.0291976  
0.00824508  0.0129258  -0.0389144  
-0.00939595  -0.00404578  -0.0195303  
-0.0035903  0.000217067  -0.0264829  
-0.0113955  -0.00855558  -0.0154696  
-0.00341156  -0.0028909  -0.0237346  
0.00552693  0.00484484  -0.0294547  
-0.00894656  -0.0102608  -0.019723  
-0.00519679  -0.00360079  -0.0191312  
0.00100123  0.0032524  -0.0204385  
-0.00433524  -0.00440401  -0.0172021  
0.014936  -0.000656  -0.046898  
0.00409464  0.00236287  -0.0365911  
-0.00116517  0.000656008  -0.031251  
-0.00843134  -0.00825294  -0.0156773  
-0.00686466  -0.00991174  -0.011324  
0.0028737  0.00686849  -0.0302836  
-0.00642474  -0.00874533  -0.0218258  
-0.00891312  -0.00338362  -0.017162  
0.00126817  0.0049893  -0.0271331  
-0.0134877  -0.0056022  -0.0198799  
0.00157848  0.00244664  -0.0283711  
-0.0048413  0.000478532  -0.0278459  
-0.00485575  -0.00323397  -0.018012  
-0.00413238  -0.00093683  -0.0228065  
-0.00205104  -0.00169548  -0.0248774  
0.00019179  -0.00162004  -0.0228601  
-0.00822576  -0.000226181  -0.0175169  
-0.00278618  0.00621812  -0.0173369  
0.0020266  0.00341247  -0.0303399  
-0.00994994  -0.00411972  -0.0189875  
-0.00119693  -0.000291983  -0.026788  
0.0202828  0.000228182  -0.046174  
-0.0050399  -0.00999932  -0.0196376  
-0.00330762  -0.000248758  -0.0209464  
0.158333  0.520111  -4.61245  
-0.00568145  -0.00693851  -0.0168726  
-0.0129585  -0.00355585  -0.012074  
0.00155468  -0.00395741  -0.0226198  
-0.00318637  0.000704287  -0.0271733  
0.00203508  0.00195662  -0.03576  
-0.000338707  0.00197528  -0.0231523  
0.000243474  -0.00560081  -0.0163451  
0.00614839  0.00829193  -0.0368354  
-0.00770856  -0.00956819  -0.0137906  
-0.00555986  0.000392364  -0.0248433  
-0.0121113  -0.0117286  -0.0165585  
0.000891036  0.00678539  -0.00466639  
-0.00209997  -0.00508111  -0.0269392  
0.00979402  0.0104431  -0.0439347  
-0.00181587  -0.00138727  -0.0170718  
-0.00862146  -0.00472916  -0.0197807  
0.00229168  0.00149121  -0.0209691  
-0.00508521  -0.00585482  -0.018276  
-0.00732361  -0.00893186  -0.0153557  
-0.010162  -0.0123502  -0.0144061  
-0.00421304  -0.000995688  -0.0207401  
-0.000617012  -0.00856294  -0.00480698  
-0.00635895  -0.00476416  -0.0223635  
-0.00343046  -0.00271587  -0.0255711  
-0.00642961  -0.00212034  -0.0293963  
-0.00179053  -0.000759446  -0.0169215  
0.0160842  -0.0084027  -0.0368283  
-0.00449131  -0.00186463  -0.02117  
-0.0027708  -0.00188085  -0.0276679  
0.00208367  0.00342414  -0.0315621  
-0.0031785  -0.00383308  -0.0228705  
-0.00444429  0.00208612  -0.00401295  
-0.00852928  -0.00740452  -0.0247715  
-0.0038124  -0.00469043  -0.024423  
-0.01071  0.00213587  -0.0249138  
-0.00215513  -0.00086039  -0.0240108  
-0.00194963  0.00405123  -0.0312363  
-0.00273311  -0.00239111  -0.0234233  
-0.0598669  -0.0619789  -0.00690614  
-0.0044026  -0.00094936  -0.0242958  
-0.00833411  -0.00472176  -0.0210807  
-0.00586859  -0.00141481  -0.0252814  
0.000533504  -0.00432866  -0.0389178  
0.00456014  0.00987337  -0.0315833  
0.00640742  0.00583932  -0.0068098  
-0.00230686  -0.00306253  -0.0264884  
0.000254535  0.000415448  -0.0316243  
0.00532832  0.00426326  -0.0351038  
0.00902554  0.0117281  -0.00632435  
0.00265423  0.00157414  -0.0392085  
-0.00635144  -0.00890899  -0.0182039  
-0.0026467  0.00149128  -0.0251374  
0.000708966  0.00373762  -0.0302076  
-0.00434965  -0.00509171  -0.0165819  
-0.00173146  0.0131582  -0.0274176  
-0.00173146  0.0131582  -0.0274176  
0.00579396  0.00970627  -0.00983694  
-0.0147702  -0.0379622  -0.0191353  
0.000254535  0.000415448  -0.0316243  
0.00395361  0.00871453  -0.0307043  
0.0057539  0.0105611  -0.0097909  
-0.00358883  -0.00379602  -0.0235735  
0.000254535  0.000415448  -0.0316243  
-0.00369403  -0.000185184  -0.0270526  
0.00395361  0.00871453  -0.0307043  
0.00395361  0.00871453  -0.0307043  
0.00395361  0.00871453  -0.0307043  
0.0057539  0.0105611  -0.0097909  
-0.00358883  -0.00379602  -0.0235735  
0.000254535  0.000415448  -0.0316243  
0.00395361  0.00871453  -0.0307043  
0.0057539  0.0105611  -0.0097909  
-0.00358883  -0.00379602  -0.0235735  
0.000254535  0.000415448  -0.0316243  
0.00395361  0.00871453  -0.0307043  
0.0057539  0.0105611  -0.0097909  
0.00395361  0.00871453  -0.0307043  
0.0057539  0.0105611  -0.0097909  
-0.0030171  0.011965  -0.000279604  
-0.000659691  -0.00208293  -0.00142558  
-0.0185402  -0.0414671  0.0157467  
-0.0010905  0.000306429  0.00218593  
-0.000908167  0.00431003  0.00135521  
0.00113338  0.00396616  -0.00124707  
-0.00126902  -0.000125509  0.00321514  
0.00134641  -0.000111822  0.00148452  
-0.0027367  0.00168719  0.00272642  
-0.000477713  0.00378394  0.0027086  
0.00430004  -0.0104684  -0.0348026  
-0.00234146  0.00285179  0.00449385  
-0.00221071  0.00235107  0.00318839  
-0.00166344  0.0111838  -0.000389231  
-0.00233276  0.000338168  0.00564148  
0.000661777  0.00714199  0.00142693  
-0.00190383  0.00236508  0.00458015  
-0.00111724  0.00176795  0.00394633  
-0.00281986  0.00173384  0.00534652  
-0.00203126  -0.00155726  0.00545371  
-0.00165736  0.00230814  0.00358559  
-0.000114093  0.000481932  0.00109049  
-0.0010383  0.0162145  -0.00171992  
0.000213863  0.00262975  0.0016569  
-0.0242022  -0.0462284  0.027351  
-0.0011947  0.000177715  0.00331695  
-0.00168787  0.00200365  0.00429736  
-0.00501537  -0.000616081  0.00989085  
-0.00166913  0.00105353  0.0051323  
0.00094265  0.00281132  0.00165484  
0.00243872  0.00301894  -0.000391184  
-0.00201433  0.00118964  0.00352248  
-0.00344854  -0.00224401  0.0070795  
-0.00142326  0.00216953  0.0039794  
-0.000501524  0.00402309  0.0017214  
-0.00155522  -0.000133764  0.00415313  
-0.00238983  -0.00172378  0.00491704  
-0.00160318  0.00243543  0.0017559  
-0.000779585  0.0020559  0.00173713  
-0.00343383  0.00147894  0.00683559  
-0.00236326  0.00267425  0.00114371  
-0.00134547  0.00202893  0.00134181  
-0.00292327  0.00101428  0.00380714  
3.68338e-05  0.000817474  0.0013093  
-0.00363475  0.0132814  -0.000220864  
-0.0012712  0.00115668  0.00339088  
0.00218531  0.00261335  0.00206715  
0.00163834  0.00214159  0.00316877  
0.000512756  -0.00108625  0.000542434  
0.000125699  0.00315017  -0.000232892  
0.000489154  0.00313606  0.00206143  
0.00012936  0.00439046  0.000121674  
-0.00146565  -0.000171898  0.00415167  
-0.00185918  0.000875637  0.00217739  
-0.00035438  -0.000122523  0.00296139  
-0.000770314  0.00472754  0.00259701  
-0.00176888  0.00177114  -0.00384688  
-0.00150968  0.00639946  0.00041346  
0.000245782  0.00235461  0.00615108  
-0.00205339  0.00627151  0.00248617  
0.00122506  -0.000414252  0.00235289  
3.52132e-05  0.00382674  0.000580731  
0.0019705  0.00301728  -0.000731138  
0.000611834  -0.000241585  0.00394959  
-0.00163405  0.00702786  0.00100003  
0.00159847  0.0107483  -0.00181273  
0.000202376  0.00264227  0.000134539  
-0.00276156  0.0026204  0.002377  
0.00113094  0.00476975  0.000793739  
0.00217847  -0.00013394  0.000396281  
0.00079647  -0.00293998  0.000530201  
-0.000950306  0.00247308  0.00173726  
-0.00130115  0.0023319  -0.00113992  
-0.00216028  -0.00220623  0.00646548  
-0.0011812  0.007008  -0.000803682  
0.0034274  -7.16744e-05  -0.00254501  
0.000368624  0.00453168  -0.00401294  
-0.00177143  0.000786558  0.00247019  
0.00740312  0.00854964  -0.00943951  
0.00497567  0.010219  -0.00154313  
-0.00241529  0.00581432  0.00389512  
-0.00199922  -0.00306764  0.00506411  
0.00024506  0.00235519  0.00248605  
8.49587e-05  0.00248951  0.00156169  
-0.00703589  -0.00339714  -0.000113168  
-0.00296609  0.012036  -0.00303313  
-0.000307749  -0.0010477  -0.00197333  
-0.000412349  0.00063596  0.00193123  
-0.000560887  2.87465e-05  0.00128554  
-0.000398274  0.00369424  0.000151228  
0.0020689  0.00430131  -0.00388467  
-0.000450489  -0.000127676  0.00141237  
0.0011432  -0.000255679  0.00130347  
-0.00229094  0.00160515  0.00144951  
-0.000165668  0.00322087  0.00227807  
-7.68646e-05  0.00132244  0.000794994  
-0.00206705  0.0018564  0.00484667  
-0.001761  0.00208886  0.00206753  
-0.00153558  0.0110275  -0.00391653  
-0.00144251  0.000785278  0.00478101  
-0.00291334  0.0120702  -0.00449167  
-9.15195e-05  -0.00136021  -0.00206021  
9.28972e-05  -0.000167305  0.000300919  
-1.6089e-05  -0.000898239  -0.000657395  
5.078e-05  0.00293274  -0.00158361  
0.00264  0.0034656  -0.00559719  
0.000487636  -0.000767015  -0.00171507  
0.00058268  -0.000349519  0.000818338  
-0.00209183  0.000818334  -0.000255003  
0.000444354  0.00221971  0.00060256  
0.000356454  0.000558135  -0.000721555  
-0.00162611  0.000666372  0.00343607  
-0.00137994  0.00131828  0.000425784  
-0.00164218  0.0113843  -0.00582556  
-0.000836445  -6.37536e-06  0.00290701  
0.00149051  0.00166132  0.00104791  
-0.000585234  0.00121138  0.00235625  
-0.000160814  0.000595478  0.00194298  
-0.00158345  -0.000307462  0.00396126  
-0.00129624  -0.0029573  0.00422612  
-0.00101047  0.00109219  0.00196338  
0.000809295  0.0019769  -0.00197139  
-0.00173374  0.0164636  -0.00793102  
0.00124353  0.00113213  -0.00104134  
-0.0293459  -0.0489907  0.0328345  
-0.000286782  -0.000929455  0.00123459  
-0.000819471  0.000663953  0.00274478  
-0.00465279  -0.00338337  0.0111311  
-0.00097859  -0.000173096  0.00399923  
0.00246445  0.00200587  -0.00212271  
0.00290366  0.00208367  -0.00317544  
-0.00108463  -0.000276661  0.00154956  
-0.00264668  -0.00518851  0.00680805  
-0.000595825  0.000883972  0.00224463  
-0.000132943  0.000843911  0.000528274  
-0.000784074  -0.00170837  0.00259666  
-0.00110644  0.00146095  0.000339965  
-0.000619968  0.00128264  -0.000893948  
-0.00261586  0.0117886  -0.000257294  
-9.0138e-05  0.000260513  0.00278382  
0.000210073  0.00182736  6.30433e-05  
-0.00046558  0.000782186  -0.000722883  
-0.00205761  -0.00033475  0.00197126  
0.00146427  -0.000191113  -0.00248447  
-0.003735  0.0133063  -0.00338883  
-0.000353566  9.85954e-05  3.02476e-05  
0.00183322  0.0040361  0.00240815  
0.00242586  8.88829e-05  0.00250042  
-0.000635213  -0.000225785  -0.000348913  
-5.89653e-05  0.00243519  -5.82039e-05  
0.00442636  0.00286963  -0.00280884  
0.00150324  0.00339228  -0.00424857  
-0.000248851  -0.00197449  0.00162567  
-0.000395772  0.000245763  0.00174655  
0.000566754  -0.00321148  0.00142996  
-0.000589543  -0.00348276  0.00258189  
0.000772371  0.000452306  -0.00792471  
-0.00148432  0.00476539  -0.00201911  
0.00120905  0.000640995  0.00530597  
-0.00161155  0.00379896  0.000499068  
0.00138314  -0.00177  0.0015328  
0.00102791  0.00283745  -0.0021255  
0.0029958  0.00149459  -0.00423414  
0.00318327  0.00130146  -0.00210951  
-0.00159622  0.00503815  0.000777431  
0.00259909  0.00981087  -0.00540326  
-0.000263651  -9.49641e-05  0.000250767  
-0.00235662  0.000584833  0.000767959  
-8.55908e-05  0.00185615  0.00198899  
0.00148413  0.000677397  0.000489156  
0.000217055  -0.00020241  -0.00250707  
0.000586579  0.00190853  -0.00351777  
-0.00162095  0.00141826  -0.0022041  
-0.000961422  -0.00380108  0.00503987  
0.00416068  0.0151537  -0.0119471  
0.00550301  0.000856655  -0.00787465  
0.00174504  0.00389015  -0.00884361  
-0.000645436  -0.000396543  -0.00142839  
0.00878133  0.00737835  -0.0156895  
0.00458399  0.0110168  -0.00387187  
-0.000613806  0.00511211  0.000706514  
-0.000235014  -0.00425254  0.00224216  
0.000107231  0.00136439  0.00189594  
0.000120328  0.00130205  0.000664399  
-0.00380658  -0.00424119  -0.00228967  
0.00519262  0.00131503  -0.00602591  
0.0020653  0.00264387  -0.00501529  
0.00692753  0.00263907  -0.00608505  
-0.00136737  -0.000478181  -0.00531959  
0.00650549  0.00459998  -0.00550711  
0.000468834  0.00280116  0.000848974  
-0.00149061  -0.00364091  0.00410425  
-0.000573513  -0.00255101  0.00258904  
-0.000747766  0.000377826  0.00129389  
3.43291e-05  -0.00232323  0.000601254  
-0.0180108  0.0272933  0.0340774  
0.00296231  0.00293216  -0.00648209  
-9.10215e-05  -9.92872e-06  -0.00158935  
-0.000737982  -0.000178223  0.000456612  
0.000100687  -0.00302439  0.0118108  
5.76969e-06  0.000608816  0.000815006  
0.00347442  0.00361405  -0.00687486  
0.00149619  -0.000701799  -0.00250355  
-0.000979826  -0.00401451  0.00417897  
-0.00143056  -0.00265756  0.00199017  
-0.00232784  -0.00206562  0.000103163  
-0.00178008  -0.00323888  0.00564315  
0.000176226  0.0080834  -0.00898491  
-0.0283013  0.00830392  0.0455764  
-0.000582739  0.00400795  -0.00652132  
-0.000241023  -0.00135771  -0.00234035  
0.00923814  -0.000929163  -0.0109247  
-0.000167365  -0.000708494  -0.00174816  
-0.00258058  0.00836398  -0.00234549  
0.000459687  0.000722392  0.00041373  
0.00143786  0.000189365  -0.00108767  
0.000917816  0.000366835  0.000374982  
0.00013503  0.000621929  0.000926878  
0.00121688  -0.000650842  0.00133155  
0.00335765  -9.71559e-05  0.000570222  
0.000277421  -0.000629968  0.00126087  
-0.000118182  -0.000306206  -0.00121531  
0.000707214  0.00313366  -0.00981192  
-0.00335805  0.00155441  0.000904241  
0.00209475  -0.00121581  0.00131311  
-3.00438e-05  0.000468964  -0.000551278  
0.000216062  0.000102193  -0.00304232  
-0.00213842  0.00117425  -0.00305892  
0.000130111  0.00106149  -0.000161476  
-0.000719579  -1.88824e-05  -0.000394163  
0.000184785  -0.0011645  -0.00451782  
0.00024777  0.00109294  -0.00243505  
0.000176324  -0.000645989  -0.00245884  
0.00144915  0.000618111  -5.51902e-05  
0.00109169  -0.000201928  0.00129542  
0.00231862  0.000786458  -0.000864238  
0.000384594  -0.000550881  0.00187235  
-0.000282293  -0.00298961  -0.00194549  
-0.00106201  -0.000281397  -0.000917752  
0.00124195  0.0040526  0.000562734  
0.00282855  0.00108641  0.0031084  
0.00150371  0.000250333  -0.0018763  
-0.00116179  0.00148812  -0.000650408  
-0.00108635  0.00165535  0.000373409  
0.00087778  0.00157896  -0.00118889  
-0.00343921  0.0017581  -0.00344075  
0.000780821  0.000609611  0.000326975  
0.0016459  0.000943852  0.0006223  
0.000287699  -0.000757686  -0.00091479  
-0.000620566  0.00180378  -0.000567503  
0.00116713  0.00099406  -0.000201935  
0.000338611  0.00024923  -0.000849783  
-0.000238917  -0.000883917  -0.00696858  
0.000612016  -0.00015924  -0.00258181  
7.56552e-06  0.00252958  -0.00219196  
-0.00226083  0.00352523  0.00922896  
-5.48764e-06  0.00160065  -0.000493989  
-0.00140303  0.00117354  -0.0030853  
-0.000474693  0.000349783  -0.00216657  
0.000193252  -0.000248797  -0.00165377  
0.000362247  0.00782893  0.000599704  
0.00185009  0.000137129  -9.56112e-05  
-0.000448443  0.000919325  -0.00249717  
-1.37993e-05  0.000304401  -0.000580575  
0.00129383  0.000227982  -0.00176367  
-0.00088403  0.000593054  -0.00392489  
-0.000907851  0.00290581  -0.000703448  
0.00156989  0.0030489  -0.00181511  
0.00218214  0.000406499  -0.00279297  
-0.00123023  0.00122324  -0.00169138  
0.00156721  0.00191187  -0.000493023  
-8.03864e-05  0.000108435  -0.00108742  
-0.00040007  0.000805301  -0.0017215  
0.00103789  0.000557981  -0.0010495  
0.000490406  0.000886517  -0.000371511  
-0.000629321  0.00154717  -0.00227557  
-0.000142559  0.000964056  -0.00159269  
-0.00734217  -0.0160131  -0.0093576  
0.000371216  0.000305398  -0.00120994  
-0.000159199  -0.000745175  -0.000651648  
-0.000388872  0.0022196  -0.00137971  
-0.00248071  -0.0069344  -0.00259631  
-0.00138973  0.00137297  -0.00277992  
-1.01128e-05  0.000787551  -0.000625201  
-0.000144278  -0.000430752  -0.00131728  
-0.00319913  0.00363907  0.000676554  
-0.00291334  0.0120702  -0.00449167  
